# mesh name: boxMesh
# primitive scorer name: eDep
# iX, iY, iZ, total(value) [eV], total(val^2), entry
0,0,0,2119.6361887384,322727.4197758739,44
0,1,0,2677.57340596458,274583.6608673057,59
0,2,0,3361.285102664656,450896.971215971,81
0,3,0,4699.703444616625,574050.3073269476,97
0,4,0,7310.118262341661,979289.4013403761,134
0,5,0,7759.766831390272,1091725.276371138,160
0,6,0,7770.914777142543,1152288.158603922,165
0,7,0,11423.53069367397,1803767.498997137,197
0,8,0,11693.63213532901,1439362.416500322,204
0,9,0,11999.11095876632,1628717.74265457,225
0,10,0,11808.49294749149,1715303.443071804,232
0,11,0,12814.09243484012,1829526.465823239,233
0,12,0,12334.18730823179,1730637.194523785,242
0,13,0,10235.4153153564,1285008.620241008,216
0,14,0,9502.681097854418,1503333.247470655,172
0,15,0,5974.206303404651,709461.3327855953,148
0,16,0,4719.095351413565,554813.6660181708,118
0,17,0,3505.895909643906,350097.5719242187,84
0,18,0,2721.315794595789,257382.4522315169,80
0,19,0,2692.168224000141,278128.3423452008,63
0,20,0,2235.383648497677,253613.7141847817,49
1,0,0,3360.316075738997,469923.4182387565,60
1,1,0,4424.107556837934,686704.8261822793,85
1,2,0,5642.06584068514,751398.0098811863,105
1,3,0,6665.307348014298,904544.573235532,138
1,4,0,9245.217439587937,1264462.224417298,164
1,5,0,9762.722857946317,1271270.02170992,189
1,6,0,12788.50718837537,1804454.164710155,221
1,7,0,15718.18818946763,2191134.913187398,264
1,8,0,17533.13819521026,2684759.800383354,311
1,9,0,20015.95566641201,3306502.016626348,321
1,10,0,18268.96014312733,2587331.734246999,323
1,11,0,18614.17274440978,3072013.563582678,321
1,12,0,19093.62583476141,3089997.11125437,304
1,13,0,13694.95661135309,1838166.860049916,277
1,14,0,12269.14786088246,1537301.863134493,245
1,15,0,10057.30775663242,1362519.490605702,195
1,16,0,7818.828390506929,1070317.735469222,155
1,17,0,6577.239336404355,909678.9479101483,125
1,18,0,5057.219177109173,701978.5771390049,104
1,19,0,4903.54443014151,604336.0143395857,94
1,20,0,2547.291500527364,274130.4074172169,65
2,0,0,4727.901469253404,889309.6833186318,85
2,1,0,4401.592360266158,503267.1498141533,98
2,2,0,7253.688329300981,1065422.397105999,142
2,3,0,8244.021369454445,1045369.172308025,163
2,4,0,9892.5581141113,1271089.553686431,214
2,5,0,13636.33050678761,1920756.036416826,273
2,6,0,17343.72212340872,2451275.348314457,323
2,7,0,19805.67134998109,2760115.584144321,379
2,8,0,26790.72942658397,4686637.641566386,423
2,9,0,28138.03400951034,4969342.793845179,442
2,10,0,29379.77448987884,4952298.910672412,438
2,11,0,30894.5047150775,5574069.105032269,434
2,12,0,25900.28472159939,4286682.015828278,421
2,13,0,21126.25299388677,3098508.795380255,363
2,14,0,17697.23601569048,2847242.365479012,319
2,15,0,13970.9057706022,1928511.409453041,262
2,16,0,10876.45953237612,1590923.228233597,223
2,17,0,10202.61142554578,1503201.863780994,181
2,18,0,7197.603925506704,1106231.640581648,139
2,19,0,6633.542423436695,1052145.998110134,113
2,20,0,3797.079901505387,477817.384037944,77
3,0,0,4870.950125647151,690088.4966583854,102
3,1,0,4764.112185759368,517251.1427809391,130
3,2,0,8330.88983002165,1047360.710034138,174
3,3,0,11711.63715814154,2081091.654412287,226
3,4,0,17262.39874983617,2747604.016430861,294
3,5,0,20441.54239188916,3423596.530811447,350
3,6,0,30272.83199279383,5121364.801626145,431
3,7,0,33446.74604618516,5538471.170424694,503
3,8,0,43354.1841806501,8100262.359051228,544
3,9,0,44816.98650571592,7754184.035258893,569
3,10,0,46070.68339261862,8737573.554133974,588
3,11,0,45177.72028082885,9123713.324983645,573
3,12,0,40338.08155166355,7425304.836641709,543
3,13,0,32734.99165469961,5710990.155882725,472
3,14,0,24079.61785334648,3483108.632542073,390
3,15,0,21071.78223117053,3282043.156781836,340
3,16,0,15784.69591132395,2259843.59737333,271
3,17,0,13529.20193210674,1955330.471654425,238
3,18,0,9074.67264136206,1162125.033924409,186
3,19,0,7412.232457884841,1164544.679900548,132
3,20,0,4899.387245343486,631231.8265836124,102
4,0,0,4854.16786948239,673198.0265895007,103
4,1,0,7531.683814528194,1142914.864853854,143
4,2,0,10458.36925868175,1512405.056354114,214
4,3,0,16817.91758452616,2745504.577815653,281
4,4,0,20118.64558440636,2838139.33136425,379
4,5,0,27894.60365321804,4394900.769787753,449
4,6,0,41492.89290973815,7534285.753770435,527
4,7,0,48736.03684288463,9300240.019173538,610
4,8,0,69755.12455774254,16013306.82901463,673
4,9,0,81828.77356270733,20527842.83493048,715
4,10,0,87281.03744595875,22825493.64322549,726
4,11,0,76710.60876723236,18197478.48866966,709
4,12,0,65987.11047452455,14804782.47302673,683
4,13,0,46995.98545042622,8634597.470620597,610
4,14,0,38317.38561806018,6702605.103996618,539
4,15,0,29091.60279614909,5260816.129300241,437
4,16,0,22248.13982449901,3866032.253174261,335
4,17,0,16534.9996888667,2394050.188308686,295
4,18,0,10197.53497267616,1475922.495992119,217
4,19,0,8040.695136095372,1089403.748482041,151
4,20,0,7321.830186940752,996730.8586154792,129
5,0,0,7420.765634556834,998575.3057859342,137
5,1,0,8867.636748961842,1211719.933660461,193
5,2,0,13868.8053624942,1827234.011496162,249
5,3,0,19126.99179411403,2708250.035418995,336
5,4,0,28586.62429269388,5013858.262390886,462
5,5,0,41233.27882199179,7209210.213950625,561
5,6,0,61054.84365055161,12824905.16272189,657
5,7,0,83991.46809373437,20310156.04326106,719
5,8,0,120666.0408216055,35940277.81117335,784
5,9,0,153558.8995282926,57097363.21585549,811
5,10,0,171663.3586129595,65889969.84821548,814
5,11,0,147170.0368561635,49635156.45336414,801
5,12,0,113879.6373925226,33252680.80499324,779
5,13,0,78079.7452779084,18832600.80652166,730
5,14,0,54553.38368145192,11124372.62944174,657
5,15,0,40515.28420141873,7244689.039262267,548
5,16,0,31453.05044591532,6152635.498771081,436
5,17,0,21454.25283475253,3324029.26512747,357
5,18,0,15743.90471554229,2513278.567452667,278
5,19,0,10137.3901788806,1491642.382409013,199
5,20,0,6291.576844058422,694142.4147785592,136
6,0,0,11158.98181434403,1878398.109088286,177
6,1,0,12886.5276733148,1884960.92712299,229
6,2,0,17405.8095704626,2543485.663732951,313
6,3,0,24203.86706949137,3760521.251086771,416
6,4,0,38298.90681609388,6441879.934880698,534
6,5,0,54162.07399353869,10110805.69023742,658
6,6,0,79100.81169225434,19332872.04451474,754
6,7,0,133029.4460036002,40842537.67343821,836
6,8,0,223797.053191518,102070113.3063316,864
6,9,0,336544.5915524366,226861786.5913857,905
6,10,0,410387.8667689996,330918148.5884762,907
6,11,0,329035.4223754065,211210521.1915855,896
6,12,0,217905.4596183506,100966287.2958242,861
6,13,0,124298.0873636593,38092403.15636776,825
6,14,0,78526.88550315137,17970311.0363699,760
6,15,0,50974.90137942998,10280654.65515234,624
6,16,0,37030.97660988682,6033213.746672471,516
6,17,0,27597.658919539,4663304.917073077,420
6,18,0,18043.04549134305,2516528.749480419,324
6,19,0,12594.43203075041,1596518.543405393,245
6,20,0,8524.427213889863,1270856.611558489,155
7,0,0,8988.932831312197,1139263.196678118,188
7,1,0,14517.47031785073,2576830.377047352,253
7,2,0,21552.40237359865,3508797.113934886,353
7,3,0,27903.31486396595,4371274.810500874,450
7,4,0,44122.71888696695,8172471.785975504,605
7,5,0,67969.14824248012,13645152.73702303,755
7,6,0,107043.2523093008,27934947.63566159,857
7,7,0,199559.571833362,78061882.1283785,914
7,8,0,422905.7709227193,328315498.5999794,939
7,9,0,1007119.812804491,1905275219.12592,971
7,10,0,1676242.246917205,5291007723.896198,973
7,11,0,994987.721388023,1841624415.476942,968
7,12,0,410653.3389869602,309866151.8617271,955
7,13,0,197930.7824194895,80058937.25567211,897
7,14,0,111938.4228654637,31239391.06478138,859
7,15,0,65950.52447847843,15648969.7012389,735
7,16,0,41765.10485054558,7566207.572580823,601
7,17,0,26330.99097532207,3924986.203347298,446
7,18,0,17713.90896891108,2366678.190034377,327
7,19,0,13634.03966904739,2095400.188548752,229
7,20,0,7930.059332463919,1088098.414940676,168
8,0,0,9368.608960330574,1209386.395274008,184
8,1,0,13996.41800084439,1944158.800953696,265
8,2,0,25116.66613875041,4506882.628536306,377
8,3,0,31521.89258308916,5129424.919020048,492
8,4,0,44759.5710758633,7579134.975034075,650
8,5,0,79718.09476492892,18606143.55296838,809
8,6,0,135080.5777509148,37186016.92740421,928
8,7,0,255971.3444882896,113991429.3601665,971
8,8,0,659439.634265044,750373112.6844732,986
8,9,0,3463358.989700155,22500370275.31947,996
8,10,0,53216403.63954126,5563851398010.982,998
8,11,0,3489524.705777205,22970489802.22122,998
8,12,0,651886.0085061261,727039454.4440458,994
8,13,0,259246.8407114928,116669620.8508323,967
8,14,0,130440.8544490931,35993804.66454197,910
8,15,0,76270.73716626095,16914692.20911509,787
8,16,0,46060.22740182181,9059191.576293167,640
8,17,0,28951.8261645179,4365152.253946153,487
8,18,0,18175.16166737535,2500185.653372967,349
8,19,0,12965.28413949365,2002036.712741786,232
8,20,0,7150.270558969903,773504.0224924559,172
9,0,0,9384.564095065782,1352224.049033113,184
9,1,0,14098.06280591905,2178753.534598582,250
9,2,0,22723.27302519507,3573352.341190435,377
9,3,0,34301.75612632995,5674535.270523983,503
9,4,0,48325.71482296231,8649084.041999537,661
9,5,0,80043.94147253108,16914848.16510513,836
9,6,0,142349.2516582447,39107436.00292022,961
9,7,0,289672.1693791233,131081205.2577021,996
9,8,0,700705.890634955,708307619.0172231,1000
9,9,0,3001644.304272971,15428903947.50572,1000
9,10,0,12903413.54242588,315125036475.7067,1000
9,11,0,2996583.887159857,15396025258.12607,1000
9,12,0,701431.0874926114,719405155.9708143,1000
9,13,0,281639.8956583935,121371541.946958,990
9,14,0,143347.1639370232,39213929.42112189,951
9,15,0,77016.92746380399,15756474.94253851,824
9,16,0,51368.62522015748,9089973.734354803,670
9,17,0,30794.30929381099,4766674.792439704,516
9,18,0,20984.08630852879,3118132.969272497,364
9,19,0,12982.01538991293,1977311.648570538,240
9,20,0,7450.930868286843,868352.8598220909,166
10,0,0,8421.212418567991,1265660.55374839,178
10,1,0,13099.60834805199,1869802.380893889,255
10,2,0,21462.8466804472,3241723.80354669,386
10,3,0,32581.39756056541,5641855.18136364,514
10,4,0,50313.79247232412,9252134.97382921,683
10,5,0,85169.67381226068,18724966.28760384,857
10,6,0,148160.6638755061,42682427.16090691,964
10,7,0,295284.1885973823,125500337.6107435,1000
10,8,0,623664.3464648809,462398187.2310234,1000
10,9,0,1417290.286970333,2154343547.76727,1000
10,10,0,2207080.186464963,5088788627.379638,1000
10,11,0,1419657.260011851,2166934868.699675,1000
10,12,0,623691.4911056537,463789722.8482565,1000
10,13,0,275635.7729875144,109407122.9164095,998
10,14,0,146082.5283649555,39773119.84680174,973
10,15,0,83930.51340657358,16958060.50198556,856
10,16,0,52445.32304084292,9577660.676375873,692
10,17,0,33610.19548420895,5384310.520449628,529
10,18,0,22870.71187140145,3660224.388463089,363
10,19,0,12373.6302121526,1759767.810893769,257
10,20,0,7195.737539566408,1103026.729399106,172
11,0,0,7779.396325635405,993127.4997390903,169
11,1,0,12556.44794341415,1716638.000280898,255
11,2,0,20995.55473506169,3035995.552429335,378
11,3,0,30904.71168699494,4871565.934674574,508
11,4,0,46595.54395146408,7856294.107151117,669
11,5,0,81563.17476852733,17277328.56882434,843
11,6,0,143107.1321860924,40583816.47870606,953
11,7,0,282430.656162138,124764346.8883249,996
11,8,0,691328.53944789,707396517.9728435,1000
11,9,0,2925237.764961857,14834095165.16882,1000
11,10,0,12549759.98845465,305528980456.0477,1000
11,11,0,2929887.75981915,14957546881.5328,1000
11,12,0,684370.3735051532,684137562.839871,999
11,13,0,277859.5755804879,121520994.3499666,997
11,14,0,143509.6474785375,41521386.66067383,951
11,15,0,82403.18004190389,17242497.27518135,829
11,16,0,48969.41906205589,8834489.984393055,657
11,17,0,30584.30232754286,5158916.571722255,508
11,18,0,18939.03189447251,2739424.339907523,366
11,19,0,13195.08540446985,2027665.474196226,229
11,20,0,8041.212496714467,1054835.053876353,158
12,0,0,7198.232264567742,767597.5284502684,162
12,1,0,13204.35625627429,1773511.817125726,265
12,2,0,22621.45873931991,3781563.374977776,356
12,3,0,27335.1692129815,3998768.101902824,492
12,4,0,46458.24472361309,7924380.220024141,637
12,5,0,74906.80025192493,16500067.93343827,792
12,6,0,132241.0033217222,36450661.50088397,921
12,7,0,253675.2098315065,113175849.9258829,969
12,8,0,652257.0101278706,727416788.5818695,992
12,9,0,3396776.493347168,22056994551.85635,999
12,10,0,51775277.27257536,5413266615970.247,999
12,11,0,3379026.008717999,21909602259.84828,998
12,12,0,644463.3095659071,719361900.3211198,991
12,13,0,254838.1366006121,115120680.9178792,965
12,14,0,127315.6438443782,35154895.89672813,908
12,15,0,75540.2128811868,16465380.31632391,790
12,16,0,44564.03406465609,8141180.201122378,620
12,17,0,30037.3605218777,4643934.137694213,469
12,18,0,19409.49621009848,2720356.694027812,339
12,19,0,9672.83255502087,1029040.308220043,237
12,20,0,6610.480001540675,807181.3510564294,150
13,0,0,5872.102294827746,713006.6583362577,150
13,1,0,12783.18860061856,2304269.768865617,242
13,2,0,20130.39195733345,3205313.807979131,348
13,3,0,24648.2052378486,3366554.652103155,476
13,4,0,39068.94291669198,6382789.933222594,575
13,5,0,60262.3451829125,10397546.07922293,740
13,6,0,103143.5817617143,26061684.91091089,863
13,7,0,190013.6621429577,73501689.27396047,919
13,8,0,394270.218296295,293545856.3475125,949
13,9,0,967890.944352437,1759861218.522878,964
13,10,0,1629370.921368951,5128441034.618948,976
13,11,0,963504.3090016262,1779020621.412229,959
13,12,0,392182.3229235113,291110313.8479822,950
13,13,0,186097.9676544364,69483601.37967432,902
13,14,0,97163.47479965963,24111919.06100643,823
13,15,0,60681.36547003566,11275619.48991657,709
13,16,0,37556.95159194609,6200186.453048163,580
13,17,0,25076.28721146961,3981001.567435681,411
13,18,0,17169.46257013473,2301901.014863076,308
13,19,0,10636.0277575812,1411223.480331993,223
13,20,0,7979.429486080374,1009957.678136653,164
14,0,0,6329.056807564828,850969.0671554032,139
14,1,0,9674.179849418571,1392657.907617221,227
14,2,0,15709.15272953702,2071529.267805381,311
14,3,0,23202.84018994744,3453132.440027281,403
14,4,0,33137.17415134974,5611757.247571344,524
14,5,0,52080.67710230015,9231549.44803676,655
14,6,0,80574.37428625695,18916699.12765991,760
14,7,0,119478.433928073,32250577.36823643,818
14,8,0,202245.6309877376,88207380.91607279,857
14,9,0,321517.9685114542,210762796.4183572,896
14,10,0,399939.5247207821,319410480.0521701,891
14,11,0,326048.0779157715,220493851.0509365,882
14,12,0,210888.280488678,100349928.9901288,845
14,13,0,128428.8617057451,41073300.54354855,809
14,14,0,77228.26751099118,18260525.68745672,740
14,15,0,49654.49640709682,9474355.803695237,642
14,16,0,33185.39693471092,5124849.845738123,494
14,17,0,19230.15622992378,2787765.335441449,362
14,18,0,15330.67264091946,2091572.740261897,281
14,19,0,10798.76544097005,1545417.359381866,210
14,20,0,7647.01134518722,991874.6710217098,152
15,0,0,6260.20003483401,677993.1269476751,136
15,1,0,10679.0987704828,1604791.136155855,192
15,2,0,12873.68865607119,1725832.510855202,264
15,3,0,18245.17619351426,2574228.830807565,345
15,4,0,26359.98823501771,3665731.647022055,439
15,5,0,39547.92868667886,6877520.452382786,545
15,6,0,55435.18274519501,11656368.59114519,650
15,7,0,76647.12670941488,16801108.83121497,722
15,8,0,112842.5759586338,32828562.98876319,771
15,9,0,142266.2781943307,49025056.73693831,791
15,10,0,151342.1463075272,54515868.97560408,797
15,11,0,142727.0772173218,49058108.02270422,786
15,12,0,111022.0043185599,33456874.62313212,756
15,13,0,79021.81998921047,19145512.41135334,720
15,14,0,53338.42981898265,10414508.41076365,644
15,15,0,40226.47866323588,7352917.283452602,545
15,16,0,26303.21220821082,3838399.833150264,442
15,17,0,18220.40600566633,2786338.402614759,326
15,18,0,14009.94865955884,2183763.069638464,253
15,19,0,12070.13547559026,1841940.651790829,208
15,20,0,7635.189089090293,1030995.130643719,155
16,0,0,5632.859807968885,735817.8575845633,111
16,1,0,7280.906945880557,887548.5052716681,166
16,2,0,10049.95498177704,1261493.689403158,210
16,3,0,13671.23713905493,1657688.579510421,261
16,4,0,22123.73761735473,3581738.113080686,351
16,5,0,27966.13497933656,4805926.271363543,431
16,6,0,35490.05124542233,6030782.338028666,510
16,7,0,52155.46858125327,11097032.9621482,602
16,8,0,66596.3877554373,14752245.91367928,659
16,9,0,74731.98261523603,17824214.02798939,694
16,10,0,77799.60433932875,18600822.65170498,704
16,11,0,82636.57497124262,20690686.24162792,692
16,12,0,69160.30540334609,15236095.02762375,670
16,13,0,51613.26845358021,10331979.18772918,609
16,14,0,38908.67685769089,7018214.385574336,549
16,15,0,29600.09653125525,4926455.950650311,461
16,16,0,23331.90561279672,3474584.784340664,373
16,17,0,15562.9507894191,2318211.19842305,279
16,18,0,12204.00588799329,2029880.137130484,222
16,19,0,8891.931773617362,1277693.024178352,161
16,20,0,6523.458517383646,842726.167704951,133
17,0,0,3971.656372626505,453859.6628297812,101
17,1,0,6270.630357863311,1020224.761691232,118
17,2,0,10972.21690645482,1767204.512697432,180
17,3,0,10775.08674905594,1355342.570789511,228
17,4,0,14055.86416452717,1959225.524085432,279
17,5,0,17453.91816193817,2398865.740443692,325
17,6,0,27599.44600803218,5073804.414806682,409
17,7,0,33394.92654684919,5950235.337150751,475
17,8,0,40776.02160667913,8176385.364991236,520
17,9,0,46010.27581033754,8722797.191758085,570
17,10,0,47506.20489964361,9198747.576614726,569
17,11,0,47399.28321258535,9512827.323022883,567
17,12,0,42772.60559049519,8323191.272591357,560
17,13,0,34055.32746198368,6314622.284805431,501
17,14,0,28887.15960803633,5333647.495782437,427
17,15,0,21849.02994183303,3715257.131900487,374
17,16,0,15130.10004232087,1938986.321043424,311
17,17,0,12967.26664848711,1729190.369404481,249
17,18,0,9720.167285312864,1388799.995766576,183
17,19,0,6971.05024949726,904868.8951645722,142
17,20,0,6045.50556674703,924924.3897622256,111
18,0,0,4465.497278798035,586848.4758098851,85
18,1,0,6378.389389061448,1227755.117995178,100
18,2,0,7122.228575272145,859266.5561719475,146
18,3,0,8427.954647071238,1061533.573947543,167
18,4,0,9141.436896192921,1121745.323189298,203
18,5,0,14504.40609210833,2189481.458607784,260
18,6,0,18099.98365054042,2978913.515409854,324
18,7,0,24533.30445862917,3976032.378105726,375
18,8,0,28632.51143452155,5445376.700812016,411
18,9,0,29135.14410792703,4675665.204312298,418
18,10,0,32258.97071531237,5434724.588431787,443
18,11,0,31318.73273427561,5072972.861666956,435
18,12,0,27477.93462344493,4781628.450546047,432
18,13,0,25375.82096139056,4522564.632291736,381
18,14,0,21634.54986494897,3356026.877848649,344
18,15,0,15540.30713028382,2247958.569689115,276
18,16,0,11526.10726237699,1535618.793903009,250
18,17,0,11400.62174791908,1707556.43765575,198
18,18,0,6830.226647004991,923000.2532716701,139
18,19,0,6070.878592513278,946752.8107869199,101
18,20,0,3955.200534032271,469349.4861141005,80
19,0,0,4352.502688023194,625303.5008158954,75
19,1,0,4222.507206435415,490463.9114022121,101
19,2,0,6132.176065932144,786505.5259248763,125
19,3,0,7073.925406384025,834608.3872462939,149
19,4,0,8587.512448330326,1267510.814055135,162
19,5,0,10910.66335141236,1491203.820589891,199
19,6,0,16007.25301999351,2470682.046595775,254
19,7,0,18504.25145538219,2839287.932967394,296
19,8,0,15736.53571629429,2725243.359089267,306
19,9,0,15944.03188651828,2092461.388049791,320
19,10,0,16351.77510969021,2215626.637283518,314
19,11,0,18085.00607149812,2646782.780061078,325
19,12,0,17444.49070682928,2328933.726840677,322
19,13,0,17330.85048008608,2699976.216580263,286
19,14,0,14158.72648747434,2256287.590266283,268
19,15,0,9971.77447502748,1140171.374429319,213
19,16,0,9317.121480166974,1178939.767700404,178
19,17,0,8069.319116594928,1107078.136399464,155
19,18,0,4276.627150724691,429260.4293539744,110
19,19,0,3849.222558246101,470288.3247257503,85
19,20,0,3252.633817258843,371949.8929481558,76
20,0,0,3054.580147196071,424162.8490769386,46
20,1,0,3130.567969439222,322765.4741194671,78
20,2,0,5020.027245339993,660394.4298727993,93
20,3,0,6400.169684483424,843698.6701063998,125
20,4,0,6993.145815343455,1174510.080959093,129
20,5,0,9447.179886299042,1440160.925802802,163
20,6,0,10434.36523254507,1729530.152336984,194
20,7,0,10287.38108401144,1488725.70080481,206
20,8,0,10525.28701390037,1529177.420083456,206
20,9,0,11636.29671395783,1777776.508125163,220
20,10,0,11409.7790011797,1698474.569947818,232
20,11,0,12139.23892215782,1652572.201797723,221
20,12,0,14189.07455305011,2428761.321112975,223
20,13,0,9588.640129251713,1226959.389642825,218
20,14,0,10056.33508058551,1633436.044264349,185
20,15,0,7669.727727504977,1117535.961158102,151
20,16,0,6148.398726033101,698679.7255898864,133
20,17,0,7103.130797830572,1174748.390335809,111
20,18,0,4143.146936802171,479907.9162772971,101
20,19,0,3089.224402856276,461892.5225997553,67
20,20,0,2493.879739061096,351098.7755188519,52
