# mesh name: boxMesh
# primitive scorer name: eDep
# iX, iY, iZ, total(value) [eV], total(val^2), entry
0,0,0,2764.598806842385,516621.8965923323,46
0,1,0,3362.777196312516,448995.4021157371,64
0,2,0,3457.617700595673,370032.4643727733,84
0,3,0,5119.309197448348,710263.8179772409,105
0,4,0,6214.128124186895,734294.1309072173,137
0,5,0,7547.607075311601,979933.9557144359,155
0,6,0,9936.386261189517,1646927.315135622,170
0,7,0,12812.74961083488,1921998.188210699,206
0,8,0,12812.60349512956,1896573.87988519,227
0,9,0,15081.74222815246,2207480.244785785,248
0,10,0,12444.05996335593,1686620.983493499,249
0,11,0,14870.74781068341,2456532.78184592,248
0,12,0,14220.98514763218,1938892.318548806,253
0,13,0,10252.67984516173,1325422.121384884,217
0,14,0,9389.938546543321,1405256.508720155,177
0,15,0,7544.549053868262,1086009.347930397,152
0,16,0,5201.994518197181,610031.8610957749,116
0,17,0,3526.416249335317,328405.0584335105,90
0,18,0,3034.868010881694,288140.7752226162,82
0,19,0,3891.33342126427,593241.8359322947,70
0,20,0,2144.88135233521,228610.7065927483,51
1,0,0,3241.830343811877,517327.3337131237,62
1,1,0,3696.367052810197,399713.4703313137,85
1,2,0,6006.014287678873,792798.3175284291,114
1,3,0,6360.464144986326,847298.8891316076,141
1,4,0,10027.16322685733,1469743.041187871,169
1,5,0,10384.57276050998,1432830.065381285,209
1,6,0,12273.36628528069,1754620.799157955,235
1,7,0,15224.08728361561,1985272.283676548,277
1,8,0,19671.73149294851,3190357.260971932,328
1,9,0,21443.36290335149,3514567.68459934,354
1,10,0,21146.36272599638,3116238.425528826,354
1,11,0,21453.95506577825,3554126.457704086,359
1,12,0,19747.0865863389,3095854.56056975,330
1,13,0,15400.40680774914,2171687.622121699,298
1,14,0,13635.20333555382,1822451.187763172,261
1,15,0,10909.05832260728,1530689.721476899,211
1,16,0,7960.750575654831,1112381.013896916,165
1,17,0,7684.870598006842,1037664.187680333,139
1,18,0,5738.353054646404,791583.5503487457,118
1,19,0,5084.291065038965,660903.6396213057,97
1,20,0,2633.313397433871,259548.4549045701,70
2,0,0,4434.730021353989,597656.0974569328,82
2,1,0,4729.329408758857,606360.1492169765,108
2,2,0,6977.149510608463,943177.0403844088,143
2,3,0,8714.272149907631,1113052.924022042,176
2,4,0,10880.30099197954,1635551.300717592,230
2,5,0,13770.82430577212,2196547.752552886,279
2,6,0,20554.79123204527,3367212.204018954,335
2,7,0,22193.64909352549,3252944.672145236,398
2,8,0,30253.01815121546,5377424.077124344,441
2,9,0,31469.15937379247,5679685.315531725,464
2,10,0,35538.96394432351,6833622.59557054,460
2,11,0,33638.68938356163,6454689.080558493,458
2,12,0,28629.55066380744,4694375.398599688,448
2,13,0,24119.27738931977,3595803.048222152,378
2,14,0,18277.21650227597,3083849.03237897,331
2,15,0,16256.42184252965,2530955.1080058,289
2,16,0,13142.93530319122,2017207.634611964,233
2,17,0,11302.90487451364,1803219.24737116,186
2,18,0,7373.084708570157,1002600.992841357,140
2,19,0,7140.430939430034,1114228.738427082,113
2,20,0,4468.213373379207,525045.6029507944,84
3,0,0,5004.888435882935,709087.0538678734,96
3,1,0,5051.696061824984,568524.7790345561,130
3,2,0,8266.229068849942,1047078.535765206,179
3,3,0,12663.18023425174,2020253.671066259,232
3,4,0,17551.89926590494,2842576.629316628,296
3,5,0,22727.82815997387,3429832.105848399,357
3,6,0,33052.86491368908,5665668.884743066,450
3,7,0,38103.10489592712,6894686.63394142,527
3,8,0,51207.90134666923,10502315.15269479,547
3,9,0,55032.07765426982,11546945.11171835,581
3,10,0,52597.2522976237,10549063.83686366,600
3,11,0,55132.30396369575,12223537.52423044,582
3,12,0,48662.39119686434,9607719.958396966,551
3,13,0,36142.9104774556,6566961.117708197,482
3,14,0,27784.08853298596,4433826.810113646,411
3,15,0,19643.0687388207,2742930.341135591,356
3,16,0,16150.85664407345,2540722.265959366,282
3,17,0,13131.26975159819,1707007.240347091,237
3,18,0,9184.453551034894,1168304.493152828,183
3,19,0,7341.461238524726,1105382.703198601,139
3,20,0,4948.066063492748,567138.3153618141,100
4,0,0,5430.426629303719,695118.6099120113,112
4,1,0,7671.711268876251,1183548.744355088,151
4,2,0,11428.39251754526,1876394.005056701,216
4,3,0,16672.52056937959,2608269.225231281,281
4,4,0,23311.12215918177,3872571.322594663,372
4,5,0,30803.27423559313,5350942.722992027,464
4,6,0,45844.27524392906,9029670.685310481,549
4,7,0,56221.99832973238,11501765.69854888,633
4,8,0,80578.30015543551,20087710.45423932,661
4,9,0,98436.45573016036,29173302.19447438,699
4,10,0,108540.8698603,33044743.41497807,707
4,11,0,92030.47266694564,25700738.87562648,698
4,12,0,78743.70956799453,19926945.09086971,670
4,13,0,54626.93564849019,11353010.13901249,604
4,14,0,40913.08458672225,7489673.648375933,532
4,15,0,33566.56588288846,7191442.579853665,445
4,16,0,24214.58588266576,5101449.5834939,354
4,17,0,17393.51444906824,2872063.361920363,292
4,18,0,11520.65570057739,1786605.607941344,217
4,19,0,8194.341183606826,1015235.403892344,155
4,20,0,6613.185398860247,869607.0208470096,128
5,0,0,7480.7058532187,1065092.862158543,141
5,1,0,8593.298632125332,1014496.916491969,189
5,2,0,14469.61264738607,2106879.917406209,256
5,3,0,19900.92227592687,3202208.771354773,341
5,4,0,27930.99189276135,4605898.978424362,469
5,5,0,44941.90351705461,7987188.992649996,562
5,6,0,64670.0266516988,14098331.22457477,648
5,7,0,95359.81324024386,25835314.2610153,714
5,8,0,146431.5546308004,52905171.76330344,747
5,9,0,197647.6151724445,90258016.91104051,784
5,10,0,226571.9404919948,112449669.0650032,782
5,11,0,186269.1347113512,76795376.7010452,775
5,12,0,134565.8871754723,46974324.18068994,751
5,13,0,87334.73525813292,23162347.59954985,709
5,14,0,59720.42582048238,12717930.15984336,659
5,15,0,40967.6627767121,7198109.643141896,557
5,16,0,30358.91562164896,5338645.294763466,436
5,17,0,21848.70870954693,3512492.374461956,361
5,18,0,15185.50954494758,2410259.019572082,295
5,19,0,9574.662189991537,1385937.017695855,199
5,20,0,6590.942956688347,841098.9732846415,134
6,0,0,10972.23013808566,1676968.881768103,165
6,1,0,14466.71042878286,2237896.06687799,232
6,2,0,18035.23106303063,2789941.511247328,313
6,3,0,25196.87889303059,4440693.340205809,401
6,4,0,38798.7962545546,6705902.18890336,541
6,5,0,53258.46094136892,10752876.82179148,640
6,6,0,82682.2594833504,20580866.4834654,744
6,7,0,150538.8409867808,53061038.17593978,807
6,8,0,277234.4809043286,160889510.6889341,831
6,9,0,483422.22995548,468244918.5350814,868
6,10,0,635106.7448320786,804011782.3775359,878
6,11,0,481332.3846093882,457427299.6990738,869
6,12,0,273059.8229249809,157291149.4543271,835
6,13,0,146606.7178153436,52371337.03979457,792
6,14,0,83569.94038015198,20022967.67755849,750
6,15,0,53870.75591334549,11575030.59851492,621
6,16,0,35518.72100375233,5627430.119629739,498
6,17,0,25864.43641847501,4198739.439980644,420
6,18,0,17357.19111691701,2607408.890385279,313
6,19,0,11732.00828571335,1693535.049872049,236
6,20,0,9016.336404370139,1410712.931196082,163
7,0,0,9136.942539343916,1305057.381625411,172
7,1,0,12529.93457471465,1996334.796319563,258
7,2,0,20999.08647601047,3165175.893649222,360
7,3,0,26544.57507725269,3805969.018604629,453
7,4,0,42146.32931163592,7146112.849711415,595
7,5,0,70940.49169275888,15456302.91708508,733
7,6,0,111556.072814038,31267310.8802314,820
7,7,0,210538.9896089533,89881925.62119463,879
7,8,0,506972.6217643,487019245.2394021,912
7,9,0,1689689.100522388,5507597453.661723,940
7,10,0,3974476.029583674,30693942743.11308,954
7,11,0,1672862.630868143,5402407304.522874,940
7,12,0,489232.9959129337,458587931.1418133,918
7,13,0,209364.5372043344,91315359.58696377,873
7,14,0,116859.865714,34851264.8795324,825
7,15,0,66914.91179307511,14775116.68162038,717
7,16,0,42915.56495843708,8231640.349826855,585
7,17,0,27083.97116082934,4461781.651412488,443
7,18,0,16702.23511268899,2238037.883879917,329
7,19,0,14771.03403964143,2409698.352336637,233
7,20,0,7096.099691031971,789526.7391972502,176
8,0,0,8171.424338168412,954539.0834342047,172
8,1,0,14133.19964518354,2182496.351260577,255
8,2,0,23151.33999844838,4181261.910300676,359
8,3,0,31624.74489755571,5095526.240551849,480
8,4,0,45145.15492293693,8013560.228829116,638
8,5,0,78587.23875816818,18520126.11654156,791
8,6,0,133057.4605695669,37571522.23618891,909
8,7,0,250709.6483806559,115573640.3108833,944
8,8,0,672453.8238466874,809928891.5307568,973
8,9,0,4028319.057783572,31082734845.6362,990
8,10,0,59877703.28252594,7053689673828.969,992
8,11,0,4064743.461150201,31648253389.16734,992
8,12,0,668216.5746075234,800373623.0110711,984
8,13,0,249957.2500817163,116211930.7943014,941
8,14,0,125603.3176437293,33111833.3973792,893
8,15,0,68831.11487295676,14353592.79056813,772
8,16,0,44556.75863433671,8038839.822362155,638
8,17,0,27897.55121039251,4066625.468715727,490
8,18,0,19566.71593872005,2690829.581460934,336
8,19,0,12438.03326827605,1945606.42215455,238
8,20,0,7202.143383852819,699870.2538673921,166
9,0,0,9162.881596783105,1348155.768398743,182
9,1,0,13692.48693670408,2094757.097609334,264
9,2,0,22276.49470861728,4121588.210729927,363
9,3,0,32414.2373571275,5615653.642187298,488
9,4,0,43839.23693838935,7376517.166908554,653
9,5,0,70189.83388429151,13405576.29577536,816
9,6,0,125406.8919956241,32091218.10553465,945
9,7,0,259010.4676475946,110616944.4992555,989
9,8,0,570791.4983842463,494985152.3010318,999
9,9,0,1805642.74276325,5490404523.205553,1000
9,10,0,4152449.839374858,31386926189.84174,1000
9,11,0,1787920.699978389,5431136453.765364,1000
9,12,0,582083.8911021902,513708342.934238,1000
9,13,0,251837.2609948878,101439589.3152696,981
9,14,0,128783.499169797,33077665.50323911,934
9,15,0,74057.26177693778,14905218.61824466,799
9,16,0,49989.73885864742,9179799.887025924,659
9,17,0,29327.21197292592,4469437.408799628,512
9,18,0,20920.34806390753,3307847.626797665,375
9,19,0,12529.95140986624,1907247.301910968,245
9,20,0,7395.121096395621,948408.0807904977,168
10,0,0,8791.524582064736,1176143.137139318,181
10,1,0,12384.47887739889,1584023.289193322,254
10,2,0,21802.71022892452,3251765.339585408,365
10,3,0,31732.60390345373,5333348.513388304,492
10,4,0,49318.21088751637,9251547.208909288,670
10,5,0,78956.50015888759,16423303.81550688,831
10,6,0,137845.7780112905,38611864.13660553,954
10,7,0,246694.6541590987,91598339.02593677,999
10,8,0,468931.5399724715,276606536.4320744,1000
10,9,0,884497.0531670275,876152503.4001621,1000
10,10,0,1185073.219243523,1535295798.723797,1000
10,11,0,885906.931479627,885677140.1740019,1000
10,12,0,473595.0813437572,282699271.7049904,1000
10,13,0,239380.1176590571,87723178.60819563,995
10,14,0,133733.2635991983,36235756.33181723,963
10,15,0,79326.02152328633,16084845.77261764,841
10,16,0,51496.90974463808,9291830.543230936,673
10,17,0,32661.62264991412,5171564.336468665,499
10,18,0,20903.2851304274,2985640.511650064,364
10,19,0,11366.7688553332,1639238.011389551,234
10,20,0,6543.845056507464,754852.7401517816,160
11,0,0,7747.264856700975,1013310.087229266,150
11,1,0,12789.73006776594,1935190.643899088,258
11,2,0,20651.22356271373,2951575.14652079,367
11,3,0,29707.71167153815,4640828.365810192,511
11,4,0,44430.22298688726,7432996.576694213,646
11,5,0,77260.07867460011,16398945.53688082,819
11,6,0,129225.4411099867,34873506.95217235,944
11,7,0,259400.5360285667,113615589.2665355,993
11,8,0,578496.7173602431,508078988.75885,999
11,9,0,1766253.735495361,5305370701.309668,1000
11,10,0,4019196.360247745,29883367154.34703,1000
11,11,0,1767616.26381556,5347034131.510612,1000
11,12,0,565019.6693162435,489769275.159938,999
11,13,0,242030.5518548649,96901929.33343385,991
11,14,0,130070.3043087432,36056379.66521458,938
11,15,0,77480.66136154303,15427877.98697836,812
11,16,0,48683.79035066355,9292237.818996629,654
11,17,0,31419.42351555579,5680650.371730198,489
11,18,0,17199.69692911993,2197710.344142762,349
11,19,0,11046.15495921822,1418664.578450429,226
11,20,0,7821.066473517522,1096914.559404239,163
12,0,0,6545.033470099822,612966.1092603647,160
12,1,0,13170.999209268,1818508.535173035,239
12,2,0,21701.95589941936,3797201.257721411,362
12,3,0,27277.72781950368,4502895.586481398,485
12,4,0,44573.08395900731,7758198.506400591,616
12,5,0,71268.69799995444,15744195.18628689,781
12,6,0,127728.3104808417,35181646.53970644,900
12,7,0,246237.7580577274,110714552.6175819,955
12,8,0,660853.8644762094,787192874.9312606,981
12,9,0,3930823.614702661,30210999381.31184,991
12,10,0,58236861.7241085,6859419421675.651,999
12,11,0,3924683.12647455,30226676312.66384,994
12,12,0,651445.8438903617,769026447.6250013,984
12,13,0,252061.5405003259,116526312.2220309,946
12,14,0,124361.9013326461,33698418.83742834,873
12,15,0,74191.61766883281,15925088.20163348,766
12,16,0,40581.51072962553,6898118.782368251,607
12,17,0,27370.41294375923,3845321.441077712,453
12,18,0,19438.50527775815,2870633.263250145,332
12,19,0,11494.08633784672,1621817.982640672,231
12,20,0,6811.535694837254,816310.8783796793,143
13,0,0,5340.480264720959,503492.6389968584,148
13,1,0,11233.20232577387,1717733.157418356,237
13,2,0,18812.01680164248,3066002.492864975,332
13,3,0,22736.72456301525,2815320.5029453,474
13,4,0,39746.00336158051,6502786.662130675,589
13,5,0,63979.10576340411,12186481.08518631,732
13,6,0,106261.8403265968,28105221.20029582,835
13,7,0,205500.1946788307,89066091.56578936,884
13,8,0,481830.0086874235,452879871.6567566,923
13,9,0,1631140.648818518,5235253907.843535,947
13,10,0,3878483.021820102,30036344757.1912,937
13,11,0,1618659.426203131,5192644838.126781,935
13,12,0,473538.2185637624,443394946.0515043,905
13,13,0,197037.0586752541,82415908.84189188,889
13,14,0,100865.4804545279,26007033.65330059,807
13,15,0,60806.89859132005,12700044.69997243,685
13,16,0,37714.07187960718,6325369.382203146,563
13,17,0,25599.77722669582,4367393.538047545,421
13,18,0,16619.41406144789,2346620.154130066,305
13,19,0,9959.70734472501,1183239.937976438,211
13,20,0,7056.970509133717,837392.2263783513,149
14,0,0,6948.091360068135,1011339.472579716,138
14,1,0,10890.14083694805,1765077.791696925,217
14,2,0,17029.63932404931,2267952.627936553,313
14,3,0,23859.88668763655,3846768.619528244,405
14,4,0,33030.83944764805,5500218.901488947,510
14,5,0,50441.5698198141,8930391.717361599,645
14,6,0,83814.45204341,20385450.8753595,732
14,7,0,136798.1323440057,44195253.59395508,794
14,8,0,252140.5030395867,141290197.5168808,825
14,9,0,465375.6835933675,445130576.286958,852
14,10,0,626701.8537180468,809159179.3403795,853
14,11,0,475695.6097412211,465782777.0916657,846
14,12,0,262838.8828235602,153565050.5040637,813
14,13,0,139210.4740740221,48627418.30617319,778
14,14,0,79740.81252904814,19425513.32554972,720
14,15,0,48970.46979723046,9032542.969181649,614
14,16,0,32217.44911690969,4981974.792204042,483
14,17,0,18934.36669406537,2644875.264689799,368
14,18,0,15604.18775046977,2056485.359161239,280
14,19,0,11369.56841198067,1531659.827842578,220
14,20,0,8661.81896741355,1234139.547726078,164
15,0,0,6555.150573212451,951564.0786276594,125
15,1,0,9516.586623023513,1415226.853315726,198
15,2,0,12963.44898425892,1730432.386674212,265
15,3,0,17999.966124111,2325290.916044332,342
15,4,0,25873.88322374721,3930143.667105522,438
15,5,0,42404.90175670232,7796474.430478645,534
15,6,0,58787.39255782926,12450380.45515859,647
15,7,0,82501.17894559521,18907956.49903026,705
15,8,0,134517.8885935166,46219607.24964602,736
15,9,0,180317.1814597008,76867575.88849168,756
15,10,0,204712.9957431415,97312838.97372882,767
15,11,0,184301.7337828901,80744189.85364148,763
15,12,0,133949.9338177087,47268908.76884377,736
15,13,0,94718.83119629283,26728685.44943723,708
15,14,0,60137.7952449365,12636013.74333901,641
15,15,0,42359.6497274795,8428177.768924823,550
15,16,0,25726.00534681926,3862862.569433428,435
15,17,0,17004.34592596505,2602552.954241581,320
15,18,0,14359.75329127743,2128944.745638055,247
15,19,0,11530.80614381398,1733134.020871545,198
15,20,0,7428.158655093054,1140996.433162679,154
16,0,0,5048.775217394909,607054.4543227465,115
16,1,0,8516.892805868596,1057951.344955149,168
16,2,0,10966.15758195859,1400934.869376255,215
16,3,0,15010.44981806226,2070784.709278554,283
16,4,0,23264.6257573627,4089439.122320535,348
16,5,0,29392.78149499844,4980832.71021715,443
16,6,0,41594.01200515989,8424381.451997131,527
16,7,0,58446.81919719226,12690523.36620784,619
16,8,0,76834.78794411947,18543486.82506472,656
16,9,0,91649.15519195069,25149711.37404876,683
16,10,0,93523.99144621698,25519214.46140446,695
16,11,0,95322.79478784422,26973773.16213007,678
16,12,0,81243.23750663492,21039171.24071928,667
16,13,0,56589.56682202153,11844298.29022026,625
16,14,0,40977.80160648045,7233648.095730349,552
16,15,0,31048.59031030697,5719671.456665913,469
16,16,0,23451.51031992703,3668086.299523307,378
16,17,0,16651.50011265339,2722853.155703513,280
16,18,0,12421.61204559632,1923159.577512249,237
16,19,0,9448.788272182508,1371140.133216558,171
16,20,0,5468.220677496543,578400.9958530283,136
17,0,0,4510.426629022816,558793.5896179228,101
17,1,0,6256.433744229996,797759.589713593,130
17,2,0,10345.74527327589,1546958.43417721,177
17,3,0,9954.388438699856,1293879.958012569,230
17,4,0,14899.08322525765,2200906.941483349,290
17,5,0,19515.91461078705,3061476.342605843,351
17,6,0,28724.49688903413,5290584.15906563,419
17,7,0,39436.04767766947,7739945.238828238,501
17,8,0,47175.01449000835,10023198.76882437,549
17,9,0,54098.86473899855,11434779.06743549,577
17,10,0,55682.08565709381,11995194.3820562,583
17,11,0,56494.34244060802,12002199.97863114,592
17,12,0,48050.02124273724,8932431.990891082,567
17,13,0,37462.25047495485,6967542.251214135,498
17,14,0,31114.90662841294,5568000.210243385,439
17,15,0,23767.88873491774,3830343.741792602,381
17,16,0,16861.6040035087,2211855.204314489,317
17,17,0,13436.41946650211,2077037.176193954,246
17,18,0,9418.627127825845,1408006.89303034,179
17,19,0,6364.149567895474,1007754.608139875,131
17,20,0,6091.089545259702,754327.3042708827,111
18,0,0,3858.43745126104,450466.5711802557,87
18,1,0,5745.028115730477,1052186.537564192,90
18,2,0,7145.585863925025,863053.2373580674,146
18,3,0,8764.1737077455,1059707.012027516,182
18,4,0,10724.93851978742,1456861.385562396,223
18,5,0,15313.11937734322,2258449.917882517,259
18,6,0,20723.24092091028,3466045.412879713,332
18,7,0,25472.54796134253,4253630.47083764,393
18,8,0,31286.01169869259,5939747.80723088,429
18,9,0,32437.2695472376,5317624.7386036,458
18,10,0,37052.6404930947,6973077.956820909,450
18,11,0,35817.93488596924,6839608.381335329,445
18,12,0,32029.53897666487,5950344.36018052,451
18,13,0,27251.73582129751,5069297.114037652,409
18,14,0,22846.93046774869,3952518.19860945,357
18,15,0,17090.11928558316,2535544.650047095,298
18,16,0,13338.32592863894,1792675.159379978,250
18,17,0,11622.54583492393,1539578.678731159,221
18,18,0,6896.790090021362,927816.4047105405,156
18,19,0,6214.309848028533,895860.2427956455,108
18,20,0,4240.047644779799,535150.96021495,80
19,0,0,4583.164264687781,794341.1750585301,74
19,1,0,4674.473087890492,605259.5528531672,98
19,2,0,5507.374195426149,552667.8776547635,121
19,3,0,8084.046587297726,1123478.192898114,150
19,4,0,8662.189231640652,1235995.081607246,169
19,5,0,11186.0689371398,1586738.714785631,208
19,6,0,16631.72614850444,2797638.186650778,267
19,7,0,20292.38639723813,3184102.538596862,297
19,8,0,19140.86924131121,3339191.668671245,316
19,9,0,18020.00694449935,2645420.699511925,333
19,10,0,18214.09172847119,2467590.317821099,339
19,11,0,21019.58807296546,3321198.327410295,342
19,12,0,19012.53072421367,2719473.170612897,323
19,13,0,18661.35749708955,2874292.788621911,293
19,14,0,15049.77946419895,2426561.869887071,270
19,15,0,10202.73689221223,1207316.974742253,209
19,16,0,9084.400024756575,1165567.677636258,182
19,17,0,8528.813546421114,1235414.747687064,159
19,18,0,4990.22432524732,544832.40879736,121
19,19,0,4251.427192587343,489917.751038829,88
19,20,0,4330.003412908129,727371.9933146143,73
20,0,0,3455.313452761383,593927.4965996634,47
20,1,0,3189.645998201796,373081.2587457745,80
20,2,0,5595.651609623026,927624.7348412469,99
20,3,0,5864.894129090504,658481.8653787274,134
20,4,0,7225.224326400142,1095482.349716346,145
20,5,0,9855.13107070813,1472430.279789452,168
20,6,0,10795.15023696371,1641201.332592628,203
20,7,0,12874.93803078541,1758753.634497301,234
20,8,0,11949.02476774723,1762154.459122304,218
20,9,0,12087.1370271453,1746245.205528106,230
20,10,0,13157.68422843679,2155256.57228766,236
20,11,0,13790.94677002794,2095822.765755717,245
20,12,0,13832.76307111598,2044642.835525041,243
20,13,0,12159.4537253567,1772480.769185965,231
20,14,0,11714.96028397827,1947221.590598455,207
20,15,0,8342.521895586089,1145970.161065296,158
20,16,0,6427.021052091266,777111.1189315321,135
20,17,0,6695.423438026887,1079651.839245053,118
20,18,0,4516.91102450704,557973.5748072081,94
20,19,0,3382.645128600969,485301.6905030844,82
20,20,0,2595.902117523557,300797.6667569996,60
