# mesh name: boxMesh
# primitive scorer name: eDep
# iX, iY, iZ, total(value) [eV], total(val^2), entry
0,0,0,3925.234126539751,535618.5908884684,80
0,1,0,5947.845438034037,932900.6694106605,106
0,2,0,8186.4927318173,1278435.41986974,152
0,3,0,12094.83138406663,1816924.353020694,202
0,4,0,17646.57803232535,3038984.726449389,266
0,5,0,24479.48153810136,4549916.752957545,345
0,6,0,37492.57351691643,7697951.391432168,416
0,7,0,48494.21903918443,10412297.78737242,469
0,8,0,70840.4497828108,18639939.37006855,496
0,9,0,89779.07303027423,28061394.95189377,513
0,10,0,98770.3403996994,31516699.3331362,522
0,11,0,82933.13227090436,24506677.76875493,518
0,12,0,69500.36453864424,18601097.80162282,498
0,13,0,48431.49367438923,10717840.01003523,454
0,14,0,33845.87455688236,6367648.347373334,402
0,15,0,26791.45176714849,5877135.856959053,336
0,16,0,20497.7310708211,4693990.640525728,275
0,17,0,13577.85246822775,2215508.064295418,221
0,18,0,9141.089829793022,1514577.462364234,165
0,19,0,6582.776957773636,804429.3393510052,125
0,20,0,5015.496983351388,734834.2946195151,94
1,0,0,5668.838587723203,874214.9317862098,98
1,1,0,5787.362460291813,601296.9531366683,137
1,2,0,10553.83799983235,1596165.071392473,185
1,3,0,14429.1039625888,2276384.711212289,246
1,4,0,22057.24826480299,3987837.028597449,335
1,5,0,36152.28178819644,6691556.840112456,409
1,6,0,53915.19190944374,12600397.59555316,469
1,7,0,82990.54385183028,23989525.08620588,514
1,8,0,132860.8459708425,50936116.23092232,524
1,9,0,180831.1260140648,87420099.33849303,521
1,10,0,208177.6761734103,109001886.5481574,529
1,11,0,170103.770015153,74277510.27051547,525
1,12,0,120647.5176605513,44861431.72384933,524
1,13,0,74623.17472138153,20993494.13172501,510
1,14,0,48954.94610041257,10949453.60649185,473
1,15,0,32646.57897011032,6097576.715440154,397
1,16,0,23405.61210838988,4368573.201420518,316
1,17,0,15731.54602906982,2669754.05985592,257
1,18,0,12335.88662584877,2146319.93999412,205
1,19,0,7270.862101887328,984357.7813870652,147
1,20,0,3793.685174208763,461386.5538043369,92
2,0,0,6512.784221630845,929399.2207752983,111
2,1,0,10546.41256511004,1634852.754283492,156
2,2,0,12620.66672293918,2023875.922447994,218
2,3,0,18368.18503890129,3459947.082827188,275
2,4,0,29429.06099627762,5336165.015544499,381
2,5,0,42040.4865988398,8794005.029667113,460
2,6,0,69800.55909871134,18805932.85796834,515
2,7,0,130954.4309545231,49623097.34238262,529
2,8,0,252470.7274330049,156429643.9101157,530
2,9,0,459370.0362233853,463761784.2515711,532
2,10,0,608443.6450988889,799091469.6226622,535
2,11,0,455284.5694351646,452855122.0986578,533
2,12,0,247574.4186691456,152436293.2793541,534
2,13,0,128821.6970157494,49683034.79188588,531
2,14,0,67381.31339154791,16968144.36082225,510
2,15,0,42660.76022218754,9791876.889040483,433
2,16,0,24306.32606426976,3910036.67463642,334
2,17,0,16956.40853462939,2813050.039960953,274
2,18,0,11284.52780393998,1638956.928312635,202
2,19,0,8065.673193713701,1257781.122239675,160
2,20,0,5729.608517457008,848142.2323402186,104
3,0,0,5812.723570182727,867116.4075592142,114
3,1,0,8778.994227740945,1454262.164844823,176
3,2,0,15242.40942021502,2414400.373672352,247
3,3,0,17595.96356014957,2632462.988646149,299
3,4,0,30296.90947730063,5332320.071044228,397
3,5,0,54219.19987061592,13001536.80267843,484
3,6,0,87489.05613030725,26060178.80657583,525
3,7,0,179250.4122697769,83234364.81561823,536
3,8,0,467039.8151581441,477624096.5781447,545
3,9,0,1648781.644825832,5498109042.240072,549
3,10,0,3925904.640756032,30682239761.04594,544
3,11,0,1629614.587876035,5392998137.676207,536
3,12,0,451736.9826704366,450708916.2550592,536
3,13,0,182295.44442781,86769140.94539039,533
3,14,0,94372.22057052089,30912989.77391802,526
3,15,0,51670.83836965598,12148430.30867537,476
3,16,0,28717.75699720612,5967325.656567773,366
3,17,0,16433.83270649501,2720129.791125181,280
3,18,0,10360.69398463353,1460754.235851966,201
3,19,0,8918.520026370265,1475740.577235078,138
3,20,0,4170.232533861762,386357.6175920251,112
4,0,0,5946.451871879309,831144.4542222066,110
4,1,0,8607.116552216074,1242246.341899405,164
4,2,0,15192.5073125516,2583950.56520029,237
4,3,0,21185.02918514946,3491863.612362824,303
4,4,0,30150.68631011577,5566209.055615682,409
4,5,0,56318.74912705457,14677761.49673879,502
4,6,0,99860.03029420355,31205139.36891062,537
4,7,0,201789.259834297,104723170.2346212,550
4,8,0,609784.4071762498,791989387.9920263,558
4,9,0,3952678.834745513,31060646825.92238,568
4,10,0,59787664.80193263,7053660761324.046,560
4,11,0,3987764.5090096,31625556324.3413,554
4,12,0,605402.723167618,783964126.1243825,564
4,13,0,204867.256264787,106190964.0412341,556
4,14,0,93500.5669548781,27326878.88238936,547
4,15,0,47320.89521253321,10397129.38038522,481
4,16,0,28668.45780512743,5288168.383131635,389
4,17,0,17666.07907226443,2480108.169096587,301
4,18,0,12203.05623511209,1620888.096049803,206
4,19,0,8761.72400343265,1376482.360102058,157
4,20,0,4789.891511081692,468938.254271084,109
5,0,0,5084.162941013989,754735.9614157336,115
5,1,0,8345.650061572553,1218155.536716609,164
5,2,0,12745.75148401144,1966085.188689812,231
5,3,0,19445.9312431258,3624740.411423428,311
5,4,0,27603.82156148051,4740696.721508924,400
5,5,0,44522.73751383665,8643436.344516166,498
5,6,0,82984.4219789343,22787625.77392513,546
5,7,0,184283.1466397708,88259405.15365274,572
5,8,0,452049.4388903703,449671682.0480798,579
5,9,0,1636657.143935383,5409612336.525424,581
5,10,0,3966861.254007146,31290972815.05122,583
5,11,0,1626401.480423546,5356529558.685946,580
5,12,0,463318.5332407373,469499289.1426454,583
5,13,0,175457.211581041,78238423.72939648,587
5,14,0,82226.73443717018,21683644.19637953,568
5,15,0,44216.7318464419,8710136.701206753,487
5,16,0,31600.79412986127,5845037.336923772,404
5,17,0,18337.0767369591,2751904.553828808,318
5,18,0,14357.78761941228,2452611.517552744,236
5,19,0,8079.610994693379,1126396.306675836,171
5,20,0,4840.075096176559,579666.2815733087,112
6,0,0,6042.244591587842,796252.3029463973,120
6,1,0,7946.635683123347,987715.4080536412,164
6,2,0,13794.41327260144,1970638.315826175,239
6,3,0,18603.12466503858,2828093.984675955,302
6,4,0,26709.08547867166,4892286.781685299,404
6,5,0,42779.06961603274,8271693.297158237,483
6,6,0,72589.01541862772,19587247.11577677,563
6,7,0,125105.9778736,44382107.10292581,606
6,8,0,232228.9876032662,128963371.1607027,610
6,9,0,456023.9970666141,450064351.9931281,603
6,10,0,602335.3760778049,773486193.9723154,604
6,11,0,457165.9185376794,454788932.3859141,607
6,12,0,250207.209611441,149667577.9819959,614
6,13,0,125484.9956008591,43639162.9489112,591
6,14,0,72528.52672474008,19976557.71790846,567
6,15,0,43184.17475466667,8427004.466760036,497
6,16,0,29335.15553975584,4890922.563488697,390
6,17,0,19288.81842818817,3052850.426011987,296
6,18,0,13137.25698803259,2036636.197146471,210
6,19,0,7061.734347205894,1003385.375266594,140
6,20,0,4387.079223954583,498549.3825644859,102
7,0,0,5329.344357688301,764777.9087926031,97
7,1,0,7830.40960927458,956923.9448468178,167
7,2,0,12944.36481878491,1791085.400202608,236
7,3,0,16351.21034638998,2303662.960737376,307
7,4,0,23435.06185435647,3817834.704771221,382
7,5,0,36316.14790887436,6620672.220281154,488
7,6,0,55668.02247568449,12341291.18204709,584
7,7,0,85665.11723561147,24298901.10445637,644
7,8,0,133579.9750327336,46466964.31861481,641
7,9,0,191572.8041676179,91290725.73769492,634
7,10,0,212398.7099128758,110890972.1560288,638
7,11,0,184459.8730042295,83676620.89225164,642
7,12,0,134279.7725056238,48493622.96260954,640
7,13,0,84729.3090731585,22831960.45296674,609
7,14,0,52071.01845762452,10581153.41971368,554
7,15,0,36347.39316843428,6612004.974172986,474
7,16,0,26100.2058654659,4735446.394184749,384
7,17,0,18422.12136339472,3193927.75625774,290
7,18,0,9054.018090848809,922273.0432246812,213
7,19,0,5650.627830622848,630266.8671373969,148
7,20,0,4073.397833020799,536508.3363436603,98
8,0,0,4165.993059563209,398086.9781743254,105
8,1,0,8584.779552601007,1131050.443020062,160
8,2,0,14713.91004433423,2808871.177887696,238
8,3,0,16484.37702710868,2518446.778048141,302
8,4,0,22101.06709211497,3334028.034747346,387
8,5,0,27724.32620228925,4508432.368194776,462
8,6,0,43244.95789876254,7947755.800204805,552
8,7,0,59000.36611133964,12329708.36478497,636
8,8,0,81952.67357781898,20107637.91424628,664
8,9,0,101681.3944254463,30649253.90095293,700
8,10,0,109673.9065152797,33753708.04580888,711
8,11,0,95536.24425231022,25898606.76056159,700
8,12,0,77143.26300030813,18332166.38071882,675
8,13,0,60951.68322024563,13334214.33374902,614
8,14,0,40981.25467465756,7625375.60050598,531
8,15,0,32491.7328846538,5769108.470181638,451
8,16,0,20107.29284242539,2584442.585969123,362
8,17,0,16489.07002815786,2432951.135100877,280
8,18,0,10523.57758114104,1458434.245739709,203
8,19,0,6364.520898730106,917305.2631257111,130
8,20,0,5124.801345299593,696022.5635166802,98
9,0,0,3913.540462733367,371074.6551281284,107
9,1,0,7600.059750748774,1094401.513729282,153
9,2,0,11370.00341305591,1678484.995716785,218
9,3,0,15448.2729428657,2142087.014523793,301
9,4,0,19466.72621851255,2509795.284919424,387
9,5,0,27535.41445190494,4080452.868268457,460
9,6,0,33415.57399573562,5095064.672798637,547
9,7,0,46703.23729719433,8337560.405154051,611
9,8,0,52245.32355208433,9329465.750436172,671
9,9,0,65208.83264228342,12715100.24508625,731
9,10,0,66275.65671790141,13589061.79344526,719
9,11,0,59200.85035087289,11473111.82894791,710
9,12,0,52817.79049198357,10126131.75383654,657
9,13,0,44137.04588207428,8307486.84685246,612
9,14,0,33410.2743853154,5342196.998961654,527
9,15,0,26161.63023716425,3983366.566249876,438
9,16,0,21989.89151953139,3188093.077406756,352
9,17,0,15496.03169023354,2014259.400951753,275
9,18,0,8540.122664698016,941514.7295186511,214
9,19,0,5850.490815122425,728222.3089889168,133
9,20,0,5368.414383982566,672643.0135610935,105
10,0,0,7463.03945574605,1197757.767365959,115
10,1,0,8438.135686510035,1213562.051612816,162
10,2,0,12334.37052735567,1783935.674464139,221
10,3,0,16257.81237452461,2696602.563237131,287
10,4,0,21052.97392598573,2902689.44006018,359
10,5,0,25751.58149395229,4117712.426348848,423
10,6,0,30148.7233592326,4505438.260781115,513
10,7,0,42878.92854762178,7571629.803302621,601
10,8,0,48301.83478755706,8356892.826239104,656
10,9,0,52755.00796552836,9720242.870355543,720
10,10,0,55187.44158294154,9681504.416593345,731
10,11,0,52325.33986696439,9324953.030509267,715
10,12,0,49040.93475640574,9218627.225756537,648
10,13,0,37784.39234094782,6117954.831944454,571
10,14,0,32035.91304407424,5137390.031091733,519
10,15,0,24586.79825939934,3643166.043199326,424
10,16,0,21632.14229294173,3169606.259935777,348
10,17,0,16040.15584868813,2282924.933870632,297
10,18,0,11816.78417963104,1688982.808766106,222
10,19,0,8080.979686813084,942277.6521908225,167
10,20,0,6338.378295725187,1012284.271523236,130
11,0,0,5776.730288491974,865815.5402319377,110
11,1,0,6587.84499555676,910788.1067327752,166
11,2,0,10618.67016306019,1382697.080935014,220
11,3,0,14984.86450199997,1805324.381393207,291
11,4,0,21214.26186283803,3100498.540257478,367
11,5,0,28404.9018888606,4324741.722369906,440
11,6,0,34793.8545759612,6644911.880546536,521
11,7,0,44820.62886874771,8556235.576628612,597
11,8,0,57102.58085813882,12439838.63308537,649
11,9,0,60632.10544606222,12661366.82040076,696
11,10,0,66345.2149626099,14401183.79055095,721
11,11,0,61383.49703710142,12323905.46615708,703
11,12,0,53362.98707988226,10619922.95795041,655
11,13,0,40700.25457932931,6332199.339431696,592
11,14,0,36033.41309177537,6093620.395266409,523
11,15,0,25940.97376381033,4128707.328058219,435
11,16,0,21786.03410474245,3245387.011609906,373
11,17,0,16535.44757527746,2470791.25620129,279
11,18,0,11733.4318385782,1601145.184709222,223
11,19,0,11375.19591997707,1807015.691394602,174
11,20,0,6447.436290727638,992239.377106768,127
12,0,0,5137.145934906443,491073.7774859972,116
12,1,0,8995.878455486647,1375108.756353934,171
12,2,0,13688.03849932451,2324326.663698026,220
12,3,0,16039.81082022462,2206668.900020903,299
12,4,0,21625.15399722387,3472882.44638943,361
12,5,0,29537.87345899079,4752888.388806608,438
12,6,0,41538.44140226547,7610825.700573145,547
12,7,0,58344.89359751806,12042940.69326226,608
12,8,0,74959.93757396273,19730503.58286637,648
12,9,0,89434.78307996342,23972030.30551315,679
12,10,0,102350.2556831724,30399400.56351557,694
12,11,0,90891.32925560101,24914181.0283951,683
12,12,0,76794.35235551214,18473646.92113619,672
12,13,0,56642.44443910977,11791417.92832568,615
12,14,0,41736.39390301127,7021582.29614456,535
12,15,0,28955.49449107901,5119014.266922195,454
12,16,0,21033.8160135735,3334626.459180537,378
12,17,0,15616.95795602982,2387652.777845872,290
12,18,0,12600.67195325366,1949840.959747602,222
12,19,0,7982.385777793215,1202089.956663304,156
12,20,0,4513.122387321536,444017.3274164794,117
13,0,0,6369.495766376752,849097.1309500601,122
13,1,0,8425.299369693093,1223818.391353447,177
13,2,0,15606.28262796003,2993960.548975412,229
13,3,0,16818.58133235888,2351139.73378067,292
13,4,0,21291.94556030026,3225428.82248481,376
13,5,0,31254.08119924093,5400119.817869886,461
13,6,0,49622.68018095225,10141562.53630061,550
13,7,0,83678.18467882134,23506604.38949268,606
13,8,0,128352.8485313033,46526877.55480581,632
13,9,0,181087.7545466178,82488146.412361,646
13,10,0,196717.5156187144,97375752.49947512,643
13,11,0,173343.5364030333,76192988.59726784,645
13,12,0,130373.7416763174,45871913.4151373,639
13,13,0,86359.03450244597,24647040.67127596,601
13,14,0,55155.24639453779,12358243.84267844,542
13,15,0,37257.47161890891,7291750.477727126,458
13,16,0,24053.75065136463,4061874.059276769,376
13,17,0,16478.77320371781,2520377.683878952,292
13,18,0,10152.33075958376,1326473.182258769,218
13,19,0,6893.770656500217,1085279.516664884,137
13,20,0,4421.64701495818,534231.4413123376,104
14,0,0,5578.815854080308,759183.7024608611,118
14,1,0,7396.553411768269,924586.2488811556,159
14,2,0,13311.91490282546,2073181.127758595,216
14,3,0,18353.58444240146,3227276.509372481,293
14,4,0,27510.67313138404,4910037.931723437,380
14,5,0,42946.69722876763,8984961.04378584,480
14,6,0,73814.47550137893,20445814.8829653,554
14,7,0,131751.7861490881,48639438.70202076,591
14,8,0,246580.1035357729,149048522.5085641,590
14,9,0,439809.1341594618,427808825.8639791,608
14,10,0,593769.625028286,763454229.0754421,596
14,11,0,438462.9874356534,432114154.6515729,600
14,12,0,234685.7936757728,134490672.8783698,601
14,13,0,124203.5855292263,45456276.49540156,587
14,14,0,71310.18891038706,17986696.85025285,564
14,15,0,44650.22661449637,8911535.748331785,495
14,16,0,29149.87434466851,5381668.298198538,401
14,17,0,18853.64697974389,2918272.19693506,312
14,18,0,10620.53822303478,1246261.583485617,228
14,19,0,6964.398072640856,990516.4169038455,143
14,20,0,3861.088563768406,440242.274100483,97
15,0,0,5796.947408352262,811382.124557672,108
15,1,0,7693.701062702392,1234378.130909579,162
15,2,0,12282.7172692881,1685712.589207289,226
15,3,0,19356.79346247771,3265705.412883783,313
15,4,0,27039.89565771679,4503585.586368001,384
15,5,0,48914.24910306698,10873365.373259,474
15,6,0,82258.96090837268,23598945.31170622,549
15,7,0,184431.0853904697,90818262.88296749,566
15,8,0,455658.8331802214,463147089.0232223,571
15,9,0,1585825.552284847,5215821319.292089,570
15,10,0,3816104.178124791,29773733910.54858,565
15,11,0,1593174.358179583,5264724892.80156,561
15,12,0,442552.7043262051,442826056.0786793,565
15,13,0,166005.9810210152,75170418.80547813,556
15,14,0,85610.83028841585,26487544.69867186,543
15,15,0,47036.58106760556,9383425.785489174,484
15,16,0,28102.76278987265,5174490.722182152,389
15,17,0,18454.15844857006,3096953.655930582,303
15,18,0,10784.43661079002,1494098.733220233,221
15,19,0,7985.645992010248,1076053.166239779,140
15,20,0,5880.175790835926,854998.17656524,110
16,0,0,4953.370550315675,508052.0417124052,105
16,1,0,7432.451006978,1079742.377891264,147
16,2,0,11904.51623691379,1781437.715710879,222
16,3,0,17363.36750990963,3017627.065811956,306
16,4,0,30171.50813927336,5627212.706003101,379
16,5,0,52385.92465648575,12416839.55287287,484
16,6,0,95079.46766419284,28805454.64571688,535
16,7,0,198940.499555278,100122864.0167847,543
16,8,0,592214.9265911581,769108224.8615659,546
16,9,0,3840672.67278617,30181727378.6462,549
16,10,0,58140633.58815483,6859387658145.85,547
16,11,0,3841713.896266346,30202449212.44608,543
16,12,0,585932.9855336087,752263869.0039111,538
16,13,0,200349.4480934521,104327078.7300955,543
16,14,0,93336.01587339133,27544774.73457608,530
16,15,0,51134.75097369429,11850844.79008951,477
16,16,0,26367.39381068634,4944748.208789092,376
16,17,0,17313.01302960912,2531542.243509298,284
16,18,0,13277.60910737854,1955529.794512859,217
16,19,0,7848.561812504812,1045181.456861004,160
16,20,0,4746.668432630958,546358.1280315067,99
17,0,0,3781.361531921381,362125.589774687,101
17,1,0,7603.994646004276,1155768.838491279,160
17,2,0,13902.6963629245,2464641.976898751,221
17,3,0,15417.34194182103,1965495.317404691,314
17,4,0,28142.54937571832,4799921.931933955,387
17,5,0,47511.75205856151,9675835.851646394,472
17,6,0,85451.90718774071,24711840.28380411,515
17,7,0,174352.2754173079,83013223.10605334,533
17,8,0,445981.5064828215,445871147.0059095,529
17,9,0,1584933.288970224,5225636838.852058,532
17,10,0,3832820.933073279,30026459292.9505,531
17,11,0,1578100.051817754,5183965132.994445,528
17,12,0,437430.8432413856,435803352.8475001,527
17,13,0,167677.3849543808,76696106.33284679,525
17,14,0,81005.29702396474,22780098.89925157,513
17,15,0,44150.9756796844,9914451.896939134,443
17,16,0,24192.56930982287,4287261.264350015,364
17,17,0,17583.69800262781,3347379.543748712,281
17,18,0,12494.32584461988,1931495.926254464,207
17,19,0,8046.357870627497,1107784.600889689,156
17,20,0,5201.799984567419,610858.9572620071,110
18,0,0,4374.593100251032,592756.4026920401,92
18,1,0,7300.980646077892,1228357.653131388,152
18,2,0,11473.52288896747,1413995.065417695,219
18,3,0,16397.31104142753,2495476.830479066,283
18,4,0,23536.29218844052,4263721.036047081,361
18,5,0,38645.75282648269,7106965.303539258,451
18,6,0,69446.44378521373,18112069.68574216,497
18,7,0,114464.7926296567,40121445.50829469,524
18,8,0,230917.9277560266,137745465.2359598,524
18,9,0,439707.6873542725,440327584.9414262,520
18,10,0,600612.4361426834,804657323.6245898,521
18,11,0,450916.5561665292,461228532.0345498,516
18,12,0,241453.0932539357,149464307.6963806,515
18,13,0,120570.8256711256,45316193.71850651,510
18,14,0,65305.70812633674,17507202.1182202,486
18,15,0,37029.2581743428,7335705.220129943,415
18,16,0,22863.75403269984,3632232.478116611,331
18,17,0,12911.03804217242,1907359.918424129,247
18,18,0,10515.01273704719,1399200.967766913,184
18,19,0,7650.253686541358,1113633.128338147,145
18,20,0,6145.422485653923,881757.5884473502,110
19,0,0,4748.291162891261,584812.1044002135,95
19,1,0,7227.76567840504,1083485.071697381,135
19,2,0,10014.18988343101,1497953.092070422,186
19,3,0,13438.41117877657,1845704.901067084,241
19,4,0,18550.01696704389,2968288.292504678,307
19,5,0,33036.2577725085,6198694.041654889,393
19,6,0,50032.33309614557,11195088.64133496,468
19,7,0,71084.88027669994,17278150.9320899,499
19,8,0,119617.9533050602,43394106.62080652,513
19,9,0,164070.1024756347,74245385.33899118,514
19,10,0,189849.3080213636,94994854.82229581,511
19,11,0,168302.6428211126,78068229.34363917,512
19,12,0,121312.0203640161,45076368.84741229,512
19,13,0,82964.41182889395,25199180.8385633,498
19,14,0,48383.17824398186,10688823.3248944,463
19,15,0,33628.03557151095,7129662.577347163,393
19,16,0,19779.21903244072,3064940.012824377,313
19,17,0,12490.29178042773,2040764.156675398,232
19,18,0,9584.771223537397,1364214.379133402,169
19,19,0,7003.117332298817,1010893.556524693,137
19,20,0,4511.782444218881,606197.8919081847,109
20,0,0,3457.829049152191,451831.4238080695,83
20,1,0,6056.535622004241,714746.8385439097,115
20,2,0,7362.179091770813,977370.0584916717,152
20,3,0,11106.63223216468,1629839.061930286,202
20,4,0,19103.79485336698,3413588.39542373,257
20,5,0,24798.47504167713,4439070.244171388,340
20,6,0,35192.21423958403,7540834.873905032,396
20,7,0,51314.2186855778,11867353.11150798,461
20,8,0,68123.22072573386,17214858.22529253,489
20,9,0,83084.73758079254,24197281.08858605,506
20,10,0,84532.84929639059,24546578.83228711,502
20,11,0,85423.55932360183,25486565.09995618,494
20,12,0,70372.73519276474,19315211.64764714,482
20,13,0,47358.20282098028,10429900.77624352,455
20,14,0,33456.20126393598,6191343.252998683,418
20,15,0,25445.63948982127,4765991.60825972,352
20,16,0,19776.45766962548,3258985.477139507,287
20,17,0,12805.11597748015,2087311.968740937,210
20,18,0,8017.992779127164,1108612.991306197,169
20,19,0,6574.454546486726,964404.4374158555,119
20,20,0,4172.762282940558,447909.3531050335,97
