# mesh name: boxMesh
# primitive scorer name: eDep
# iX, iY, iZ, total(value) [eV], total(val^2), entry
0,0,0,2888.289856384334,377925.7624269139,65
0,1,0,3354.20717453244,375865.2946897789,90
0,2,0,6129.547906206244,821949.2928772818,126
0,3,0,9568.362679953587,1814663.959071637,174
0,4,0,13755.95567178906,2286906.639286318,214
0,5,0,16364.56522292463,2496943.606061209,268
0,6,0,26099.17879567164,4629750.191937672,332
0,7,0,29510.38375709603,5389260.354139818,393
0,8,0,39185.46170027222,8101127.839671562,423
0,9,0,42789.0792893386,8286650.989109234,455
0,10,0,42532.41964228608,8537695.358243324,472
0,11,0,43172.23016348542,9564929.494684296,446
0,12,0,37671.32194669521,7930232.198006419,430
0,13,0,28948.06962467309,5601616.954691214,378
0,14,0,21547.46268061194,3269894.910951207,320
0,15,0,15821.47244754942,2297571.850050535,266
0,16,0,13283.75665602357,2070155.010291782,204
0,17,0,9899.99142217155,1349345.378053874,184
0,18,0,7746.91671058484,1008868.901537753,134
0,19,0,6425.357422532152,1048115.071576894,101
0,20,0,3650.365406375733,390557.2579559375,77
1,0,0,3456.891161919333,524711.5958794215,76
1,1,0,5684.488798741198,959576.9789299044,98
1,2,0,7131.759714532007,1000288.191514561,148
1,3,0,12377.54540357856,1935963.337184982,205
1,4,0,17045.51576515022,2657444.70806445,275
1,5,0,23402.11419215142,4010718.513562122,347
1,6,0,35376.05027891125,7047576.877748897,411
1,7,0,44001.5955192319,9150823.944778522,469
1,8,0,64787.814084507,16131037.52380603,499
1,9,0,80442.21496871641,23169013.85134083,520
1,10,0,87249.97861266638,26297808.6745565,522
1,11,0,73508.16984433965,20237684.23651651,519
1,12,0,63018.31481357101,15956235.53237191,505
1,13,0,43930.64298755355,8934364.759954862,450
1,14,0,32023.91121953057,5958470.360491546,398
1,15,0,24721.46004601608,5238118.606480625,321
1,16,0,18782.24926483202,4119609.610317327,259
1,17,0,12744.81321972826,1826976.542440084,215
1,18,0,8286.492282381161,1313577.54820633,163
1,19,0,6441.757723722765,784875.6622892739,122
1,20,0,5285.878412910271,746661.4115998085,100
2,0,0,5651.999622145711,836622.096992938,96
2,1,0,5281.691490058305,649189.7889162874,134
2,2,0,9985.213799472149,1302795.396986598,183
2,3,0,13742.76777980794,2010853.834145242,248
2,4,0,22194.68876779408,4107555.627682907,323
2,5,0,34894.84243216462,6325979.574069361,409
2,6,0,53010.33536004151,12274145.0136313,478
2,7,0,75603.25848902624,20698937.70235761,524
2,8,0,118263.3822916923,40655081.79219132,551
2,9,0,157838.4756207899,68793730.03350949,554
2,10,0,177529.9368819284,81184144.53058861,546
2,11,0,147737.780357378,58361166.19843678,539
2,12,0,107295.2481008647,35954559.14555591,538
2,13,0,69001.14262512996,18666488.23630646,511
2,14,0,45076.66285517022,9545519.19001144,465
2,15,0,32656.29161559469,6121298.426384658,387
2,16,0,22608.0001497969,4292544.085966018,307
2,17,0,15533.26841353665,2394066.499643725,256
2,18,0,12454.21937434309,2260140.052688192,200
2,19,0,8001.667205767378,1236494.955136275,151
2,20,0,3971.232759070799,457633.4639651621,94
3,0,0,7446.180701143237,1166463.096443407,123
3,1,0,10383.4224156434,1513745.290904824,164
3,2,0,12563.31356331123,1784610.890624721,240
3,3,0,17995.79795152982,2953151.500898039,288
3,4,0,29955.86302871515,5302983.083097074,393
3,5,0,42155.45139224727,8607995.399735387,477
3,6,0,66028.54324510272,17439877.2294315,516
3,7,0,121719.8701538526,43017229.26111655,552
3,8,0,221615.1024734367,121115724.2867341,562
3,9,0,372126.0100945457,311175205.1148584,572
3,10,0,473090.134350522,495109589.8986126,561
3,11,0,368633.7180703918,302425264.0126219,559
3,12,0,218013.5674123644,120745969.5376072,569
3,13,0,118005.949653159,42742501.14894244,559
3,14,0,64800.08352429105,15959134.17842693,529
3,15,0,40960.78826323133,8976367.562487157,445
3,16,0,24416.60144186165,3982990.310726143,345
3,17,0,17495.38029910782,2836833.240454412,279
3,18,0,12022.01072993361,1673727.337918276,223
3,19,0,7845.949646608437,1004714.660589561,169
3,20,0,5776.505558984974,762191.2793767275,108
4,0,0,6222.307039225341,840834.8181296339,134
4,1,0,10773.98236794969,1984804.028658195,186
4,2,0,17297.7531316542,2685067.343415194,259
4,3,0,18822.00977164309,2985167.950011108,314
4,4,0,30533.90454784239,5593466.321334958,417
4,5,0,52484.11111297753,11877996.96549481,503
4,6,0,84867.15397041851,24223320.80250771,551
4,7,0,172269.6003895787,77727699.54742186,575
4,8,0,421542.2183814519,391610236.2258447,590
4,9,0,1252045.065715647,3196533647.144416,590
4,10,0,2445525.642186324,11962373089.58244,588
4,11,0,1227985.315331477,3075447257.148869,584
4,12,0,409630.1164572823,368365797.7820662,584
4,13,0,176060.6723734714,80196023.44634023,588
4,14,0,93257.31546498262,29589367.82246481,574
4,15,0,51825.4990495307,12829755.31594983,504
4,16,0,30517.74403304719,6167542.172605636,397
4,17,0,18255.67185236621,2922317.806091176,294
4,18,0,10369.23434730373,1250848.394197118,220
4,19,0,9128.718385835133,1375065.691323989,152
4,20,0,5350.748848426104,571231.5290113491,120
5,0,0,7130.35629787957,984474.2603439449,122
5,1,0,9451.196386721411,1226760.097570627,180
5,2,0,16792.07122925427,3003965.337956368,265
5,3,0,22550.33601533335,3634686.947720483,322
5,4,0,31846.55760626667,5893812.075045557,445
5,5,0,58373.58874060015,14386164.96726569,542
5,6,0,101320.5530309245,30640121.3096692,597
5,7,0,204148.655465976,103951358.9907898,615
5,8,0,607152.7195029836,780921189.7698678,618
5,9,0,3795205.377590712,28610869047.18515,612
5,10,0,58355431.54855223,6719289203954.811,608
5,11,0,3840538.117138335,29352401692.95606,611
5,12,0,597905.3104829958,757285942.0847551,614
5,13,0,208170.2573675681,106247629.7529996,595
5,14,0,96698.86299760465,28474061.87397802,587
5,15,0,51424.98418766857,11382420.60944444,517
5,16,0,30818.34927339399,6149565.339916972,417
5,17,0,19047.80533013356,2892996.749952439,328
5,18,0,12732.28920760747,1698099.561306776,227
5,19,0,8784.746626073204,1254232.524355419,169
5,20,0,5306.075943080899,571531.2911431235,121
6,0,0,6393.72223861835,1020800.437794181,123
6,1,0,8600.798143299064,1162251.843503623,178
6,2,0,14138.26493014515,1962593.340008822,261
6,3,0,21954.31831632465,3651355.855843291,355
6,4,0,30128.51340509356,4878609.113865349,451
6,5,0,51760.45597782022,10894618.67586834,550
6,6,0,93110.30357862666,25652022.25632455,618
6,7,0,196038.75456724,96562511.80926614,651
6,8,0,503595.6590139974,543303710.5408658,649
6,9,0,2158724.91674883,9313999762.629627,648
6,10,0,6801016.605208752,91566586067.40796,652
6,11,0,2146967.617801936,9216472446.93091,658
6,12,0,512938.6156848561,562682086.2341994,645
6,13,0,185851.252138672,85947579.26291756,617
6,14,0,88768.7531572624,23667336.39912627,607
6,15,0,46433.80976925345,8873371.103404883,538
6,16,0,32365.15680279748,5618665.188471566,439
6,17,0,20353.31468421778,3021499.631664399,347
6,18,0,15696.3512824628,2788070.046076077,257
6,19,0,9304.910807718697,1284466.195688532,184
6,20,0,4516.021616347142,459364.0266391646,118
7,0,0,6035.964021806602,740758.9290027258,131
7,1,0,9514.087010957926,1324331.78957596,182
7,2,0,14785.12827746062,2105611.764358442,279
7,3,0,21445.63710000084,3614791.625987412,356
7,4,0,30804.81355958152,5551000.533192733,461
7,5,0,47362.08608327022,9067191.222176744,567
7,6,0,79133.0785167193,20905856.4776553,631
7,7,0,142584.4916455414,52083190.27043449,688
7,8,0,276377.9603584853,171565655.7821869,693
7,9,0,578030.7556123068,697500499.9964223,726
7,10,0,820697.3103011313,1380756858.403515,723
7,11,0,577634.8415138022,696924793.8223912,726
7,12,0,289967.7124675059,190969753.7704417,710
7,13,0,138354.5305679406,49387772.31413386,685
7,14,0,79083.16307980476,20457221.42047495,654
7,15,0,48131.99837304286,9463114.880210472,555
7,16,0,32200.98814619372,5423418.673874523,442
7,17,0,21586.90968965545,3528623.155004977,347
7,18,0,14961.38489137964,2338071.269994733,248
7,19,0,8119.037247672398,1304742.903552255,160
7,20,0,6145.23027032671,917499.4972994461,130
8,0,0,5941.275428046834,739593.82651764,120
8,1,0,9454.293983078735,1265871.654247427,191
8,2,0,15658.80689845303,2293126.313419358,262
8,3,0,20791.18861819983,3229174.284609832,349
8,4,0,26637.66451018678,4092985.001234099,471
8,5,0,41402.5003898451,7482057.983738068,576
8,6,0,65593.00095674237,15008291.74125729,671
8,7,0,98750.03569006725,28188881.17380207,731
8,8,0,155555.4770343934,56266081.64821062,773
8,9,0,235665.4796982049,122111807.4733623,797
8,10,0,266446.9343494309,153588845.4700275,803
8,11,0,227829.9397178966,113419523.9523194,784
8,12,0,162448.2635417228,63058398.06129374,769
8,13,0,102113.6659175958,28671836.63369856,728
8,14,0,63834.04376576713,14011540.38281835,677
8,15,0,44117.94309690546,7968073.70433901,568
8,16,0,32212.65433513976,5444605.396534819,460
8,17,0,21660.92031808264,3597642.851875201,352
8,18,0,11271.91851704417,1180900.918963945,269
8,19,0,7973.611140382081,1174583.32539528,170
8,20,0,5746.977606066073,691461.2954010572,126
9,0,0,7269.131017194232,1092747.58578695,132
9,1,0,10196.42541608487,1302580.763171819,202
9,2,0,17109.13353539331,3076589.88362347,273
9,3,0,18999.86251897749,2808631.890836751,373
9,4,0,28887.84086147769,4384750.446334891,467
9,5,0,36190.00980391645,6445766.547517414,549
9,6,0,53335.76759992752,9904670.534137048,689
9,7,0,78298.0173292737,16780449.09868629,786
9,8,0,108618.6952767715,27408257.27576733,830
9,9,0,135260.2045068145,42820453.76992445,884
9,10,0,145276.753354078,45528037.7181491,899
9,11,0,128704.1471536493,36618008.20922537,881
9,12,0,104386.7612203433,25546803.54104502,845
9,13,0,76978.99060176793,16527259.60672195,764
9,14,0,52841.61984167313,9813736.181671375,676
9,15,0,38387.15775497531,6628846.845309221,555
9,16,0,29215.60024647368,4415667.688852638,463
9,17,0,23485.21934264126,3672336.440528117,367
9,18,0,14697.0958958487,2058455.255652255,264
9,19,0,8527.49596370475,1108799.548483279,186
9,20,0,6723.305650254235,1085785.255250758,133
10,0,0,5417.312825522042,598794.3539936235,136
10,1,0,9356.141395138135,1387639.31150465,190
10,2,0,13919.36419354899,2171923.269668624,271
10,3,0,19709.21230174938,2629883.044118595,375
10,4,0,27403.35381324523,4097448.145407966,469
10,5,0,38257.85343352113,5807251.815912092,578
10,6,0,50439.5782744758,9558223.613863297,702
10,7,0,71081.23985146065,14167929.38484037,797
10,8,0,88269.49801133946,19482402.98631063,862
10,9,0,101309.2755259768,22650311.39335063,905
10,10,0,109971.9767250169,26189837.47647693,927
10,11,0,96584.42740043515,21221100.70614496,911
10,12,0,86284.89271451712,18852558.35074823,863
10,13,0,66262.47566143004,12668180.13146029,780
10,14,0,49133.50029291661,8675987.599490181,682
10,15,0,36693.2784955555,6193461.072774914,555
10,16,0,28951.99433744863,4345361.145770099,463
10,17,0,20510.39335373713,2777762.012291973,348
10,18,0,13243.77342091313,1702395.225202899,249
10,19,0,9789.344418063001,1349366.819535551,177
10,20,0,5956.855553396445,796651.9187539063,130
11,0,0,6183.481361384274,713889.5808797706,141
11,1,0,10487.62270957354,1625442.424791642,203
11,2,0,15652.25861146113,2549419.586990272,265
11,3,0,20995.78516885253,3584252.468100599,348
11,4,0,27865.37991818597,4071709.905007594,448
11,5,0,38419.57839592754,6365026.376492158,575
11,6,0,54580.44469221203,10171577.39591973,697
11,7,0,80392.96913603698,18333192.69475362,772
11,8,0,96615.33200780938,24857761.64242593,819
11,9,0,122232.4833228885,35031960.43904215,862
11,10,0,134272.1783165998,40655952.88262849,863
11,11,0,119499.0370421887,34171097.61850414,860
11,12,0,97682.60484684449,24111762.5452753,819
11,13,0,73347.89371173849,15908453.81009335,753
11,14,0,52950.69352514589,9279548.317477001,669
11,15,0,38455.70018400556,7122950.412671445,560
11,16,0,29250.00382278647,4718882.672108671,457
11,17,0,18376.38316514334,2552773.416616083,349
11,18,0,12660.93422727902,1561021.283549599,270
11,19,0,8477.568223185341,1137391.627075358,180
11,20,0,5788.576459088245,690583.7963465108,131
12,0,0,7226.620460938509,1023006.230167167,140
12,1,0,9666.964858571948,1458333.753085288,196
12,2,0,16301.68857917204,2834175.77931415,261
12,3,0,20011.45865491335,2762252.023914895,344
12,4,0,28234.53450827797,4450001.188564733,453
12,5,0,40655.48965324893,6770235.53304358,553
12,6,0,58216.95085726373,11882049.76581388,670
12,7,0,99180.1151504389,28157932.72566884,727
12,8,0,157454.4792241302,61315384.39560445,755
12,9,0,220905.9868573159,111342866.2481467,769
12,10,0,250040.7012822548,142363995.6683792,780
12,11,0,214281.4076649314,103571717.3553564,772
12,12,0,154315.8407701642,58006199.4467305,751
12,13,0,99591.41845079418,27863527.11241829,711
12,14,0,65856.00356875254,15139667.47302856,645
12,15,0,43631.85222216698,8086397.468670072,555
12,16,0,28846.34388765422,4706490.216414204,452
12,17,0,18962.35290461203,3012410.286131808,335
12,18,0,13082.79453725853,1881677.897783631,257
12,19,0,10363.50589169481,1740083.60529688,172
12,20,0,6974.201174775748,1048772.282932027,133
13,0,0,6306.66157574404,938761.3621982855,128
13,1,0,8454.196633084901,1025881.598006991,184
13,2,0,15100.37906824634,2213859.881939924,254
13,3,0,21190.40670487543,3425128.715715936,343
13,4,0,30995.11348089369,5267607.667542234,440
13,5,0,49341.34465160409,10737493.91126371,546
13,6,0,80604.17370624316,22856699.41952736,627
13,7,0,145983.5152737368,57797343.04421545,667
13,8,0,286537.3123732992,188452301.701633,688
13,9,0,552106.5820755193,651259108.1829114,696
13,10,0,793355.2567765819,1317564686.539387,714
13,11,0,558065.5336083296,669921180.5354306,708
13,12,0,276233.5184346289,174860605.6796165,699
13,13,0,136693.4687936636,51050216.89359478,672
13,14,0,78879.70943184123,19841806.65337304,627
13,15,0,47172.75202133066,9181942.171704248,562
13,16,0,30469.688462642,5469699.936176356,451
13,17,0,21222.54164954783,3489750.215479132,332
13,18,0,14108.5988593798,2032570.629741223,248
13,19,0,8842.19109075575,1086851.652295075,178
13,20,0,4716.615325399119,424365.1257194365,122
14,0,0,6146.492601103215,733598.8089907091,126
14,1,0,8580.104292494223,1208630.998785779,184
14,2,0,14944.74498038059,2091725.266480628,262
14,3,0,19265.90101463584,3028083.116425154,351
14,4,0,28329.15747582316,4551293.769284721,432
14,5,0,50348.37683942936,10771914.08073599,532
14,6,0,88494.39330277882,26131732.63924418,601
14,7,0,193967.8680866654,95594104.48908657,634
14,8,0,506363.5847143321,563420000.7966844,637
14,9,0,2100114.512661098,9042853111.970558,657
14,10,0,6582299.561963226,88117757428.04189,651
14,11,0,2097250.864105276,9029039077.739325,661
14,12,0,488972.8541978677,528284453.1476311,646
14,13,0,180704.7691821486,85549210.02613021,635
14,14,0,90973.03454749522,27513309.80145749,594
14,15,0,50272.22388098773,10178157.69511666,539
14,16,0,27979.78352262438,4931589.330228609,428
14,17,0,19380.92294132195,3155493.05598956,334
14,18,0,13216.8838355216,2050484.595401065,239
14,19,0,9371.308047468774,1309933.638194053,170
14,20,0,6171.3756333277,849230.0312750163,120
15,0,0,5441.735100519788,517169.3489455996,128
15,1,0,8859.14828671035,1339367.678828091,173
15,2,0,14235.42763632832,2122890.160737082,238
15,3,0,18163.02675911831,3101105.886393309,316
15,4,0,30999.13632963585,5588050.817871822,390
15,5,0,53558.95981072834,12198496.12169742,508
15,6,0,95983.07300333117,28858363.66921573,570
15,7,0,200809.690223231,99304706.54548208,598
15,8,0,587455.1130651385,747170069.8338298,599
15,9,0,3694498.487387021,27858751662.69912,613
15,10,0,56763675.62858115,6537338269621.835,608
15,11,0,3693530.458099898,27880811127.65028,611
15,12,0,585597.5133260997,745006998.6434686,609
15,13,0,203692.7984149322,103712644.7372165,593
15,14,0,95626.85145043806,27489807.16247978,581
15,15,0,54899.92591729246,12522527.64049334,528
15,16,0,29649.84172564971,5535837.678782974,410
15,17,0,19151.24755000557,2906364.812903895,314
15,18,0,13536.55645546761,2018840.027184097,235
15,19,0,7973.982812976996,1136700.967791928,163
15,20,0,4148.175511429403,444504.2724971027,104
16,0,0,4644.917166689534,573252.5929273493,106
16,1,0,7957.959147855981,1349210.579359403,180
16,2,0,13929.14794977029,2363739.404280481,236
16,3,0,16866.54346786609,2341841.320856651,320
16,4,0,27259.69122690204,4530146.358056086,387
16,5,0,46958.67036579019,9150008.819353204,492
16,6,0,84701.59178901643,23288468.74748846,557
16,7,0,165851.1460032534,74676584.66075765,568
16,8,0,395660.6416807278,355325906.3882325,574
16,9,0,1195483.357934044,2982977870.436484,577
16,10,0,2380232.481847675,11627880792.77209,575
16,11,0,1198511.663803192,3009737624.151674,572
16,12,0,392215.8787954783,351193546.7274899,570
16,13,0,160486.5883102345,68980159.25889386,562
16,14,0,79378.28081033919,22069500.59365332,544
16,15,0,44335.32759718216,9490175.20895917,475
16,16,0,25922.19920348235,4523008.878131633,387
16,17,0,17453.78706313691,3255431.549555723,297
16,18,0,11558.97507577243,1521666.398436171,219
16,19,0,8170.643618615978,1145505.616695282,158
16,20,0,5818.889073897071,675751.748107381,118
17,0,0,5020.7718995373,737626.4238909571,96
17,1,0,7004.555639219882,1211815.14038453,156
17,2,0,11442.15618908638,1457228.4387145,223
17,3,0,16716.52331960883,2429016.189098279,285
17,4,0,25226.22990623971,4976992.728663012,362
17,5,0,38395.26823580526,6991627.223212847,446
17,6,0,66543.65957268157,16788176.53554061,523
17,7,0,106307.3118717904,33535224.52586533,546
17,8,0,203494.3490105298,108593164.1857438,549
17,9,0,357028.3033284288,297890391.6251065,552
17,10,0,465332.8826283803,491687254.2146281,547
17,11,0,365929.8826076958,311737447.0547028,540
17,12,0,212820.4932220955,119149492.9798142,544
17,13,0,114063.7428227528,40442029.63175196,545
17,14,0,63937.46718445543,16899179.5644084,507
17,15,0,38069.76912114154,7609240.413635973,442
17,16,0,23402.71394755608,3661932.746248983,349
17,17,0,14663.39182119311,2333561.084106355,254
17,18,0,11603.56644287974,1682746.295808504,201
17,19,0,8332.466989118142,1291805.694996794,153
17,20,0,6547.672386108572,926491.0469553549,114
18,0,0,4472.601075905875,447986.8971567098,96
18,1,0,7622.312545773592,1168659.217375454,136
18,2,0,9583.817602447376,1405061.109779947,187
18,3,0,13748.01233162462,1846258.909891402,255
18,4,0,18486.76180282571,2656812.413945431,314
18,5,0,31687.16286002713,5723581.045522754,396
18,6,0,47841.12709036786,10634968.7113068,463
18,7,0,68139.40441938976,16367749.36045178,519
18,8,0,107782.2218141393,35912338.49695976,534
18,9,0,141073.6934283884,56830368.04890276,537
18,10,0,159321.3373274,70019111.89535902,537
18,11,0,144281.3214856134,59588628.04574592,530
18,12,0,108020.3733133575,37383094.31525,530
18,13,0,74889.03354319991,21261822.66056208,513
18,14,0,45735.7365130773,9717067.998339716,465
18,15,0,31883.07639355093,6584173.246926223,385
18,16,0,18749.34849091808,2850981.791464879,321
18,17,0,12909.25360761972,1833016.86688594,243
18,18,0,11001.45645878423,1708383.848313673,187
18,19,0,7821.169007260208,1067041.402880673,152
18,20,0,5234.581583102995,640033.2439371708,115
19,0,0,3621.750314985237,428037.9691255695,88
19,1,0,6272.250828856038,753038.4160657544,131
19,2,0,7454.763339503565,858850.2497105015,162
19,3,0,10752.32729318785,1483139.58322919,206
19,4,0,18412.99334191813,3112688.854333127,265
19,5,0,23895.34869472769,4510169.479817065,340
19,6,0,33231.13981476067,6276904.96500569,402
19,7,0,46578.31337490743,10341577.65385085,464
19,8,0,62430.01886750457,15040050.66421462,495
19,9,0,72949.65911437219,19792031.7641547,509
19,10,0,74915.67372594921,20198592.86034867,507
19,11,0,76894.11904673745,21101520.2982594,492
19,12,0,64150.41235866986,16208301.33402508,491
19,13,0,43947.72476984259,9591650.407436755,451
19,14,0,31581.5120560175,5842275.694124318,415
19,15,0,24560.67590805022,4378440.226349406,348
19,16,0,19398.54915486198,3062850.079873631,291
19,17,0,12220.8412775934,1875427.475966168,222
19,18,0,7556.614344846589,1136056.327893956,164
19,19,0,6224.365292304153,924814.8166122366,111
19,20,0,4467.817282516864,564842.6822974513,92
20,0,0,3032.368453346153,333296.3007086748,81
20,1,0,4602.200822342995,689431.2526791428,81
20,2,0,7214.944240218987,1152195.94747686,119
20,3,0,8988.512854943488,1346557.17231467,176
20,4,0,12008.68938471851,1710153.051151476,225
20,5,0,15351.7597201592,2272526.739984637,266
20,6,0,23743.95074890923,4821592.052637116,325
20,7,0,31608.84637061914,6390824.815836853,376
20,8,0,38526.35822463258,8417332.007156288,413
20,9,0,41627.610053895,8711428.151260182,430
20,10,0,43460.07001684155,9170938.472209513,430
20,11,0,43656.42661058031,9818889.377901273,443
20,12,0,39385.50652523091,8319110.509989475,432
20,13,0,29392.4980091828,5711726.679069707,380
20,14,0,24937.18011220613,4897747.768802902,339
20,15,0,18637.32355757726,3088382.259478993,290
20,16,0,13881.02624142499,1929689.408481686,251
20,17,0,10419.99667047075,1513382.246558838,190
20,18,0,6938.774412450338,1105059.762242849,128
20,19,0,5127.464668197271,778574.4671984877,104
20,20,0,5135.0953881378,686226.388134452,89
